Cluster,Symbol,Name,MA_Short_Window,MA_Long_Window,RSI_Window,RSI_Buy_Threshold,RSI_Sell_Threshold,Stop_Loss_Percent,Take_Profit_Percent,Average_Return,Symbol_sim_return,Return,Std Dev
27,298340,ARIRANG 국채선물3년,5,120,14,39,54,1.0,10.0,1.05,2.52,1.64,2.08
27,477050,ARIRANG 머니마켓액티브,5,120,14,39,54,1.0,10.0,1.05,0.0,4.1,0.22
27,451000,ARIRANG 종합채권(AA-이상)액티브,5,120,14,39,54,1.0,10.0,1.05,0.0,5.79,4.81
27,476450,히어로즈 머니마켓액티브,5,120,14,39,54,1.0,10.0,1.05,0.0,4.26,0.32
27,479080,1Q 머니마켓액티브,5,120,14,39,54,1.0,10.0,1.05,0.0,4.64,0.18
27,273140,KODEX 단기변동금리부채권액티브,5,120,14,39,54,1.0,10.0,1.05,0.0,1.87,0.25
27,439860,KODEX ESG종합채권(A-이상)액티브,5,120,14,39,54,1.0,10.0,1.05,0.0,5.42,2.08
27,448880,ACE 24-12 회사채(AA-이상)액티브,5,120,14,39,54,1.0,10.0,1.05,0.0,6.77,0.92
27,473290,KODEX 26-12 회사채(AA-이상)액티브,5,120,14,39,54,1.0,10.0,1.05,0.0,6.18,1.28
27,464540,KBSTAR 25-03 회사채(AA-이상)액티브,5,120,14,39,54,1.0,10.0,1.05,0.0,4.95,0.55
27,272560,KBSTAR 단기국공채액티브,5,120,14,39,54,1.0,10.0,1.05,0.0,2.0,0.36
27,463290,1Q 단기금융채액티브,5,120,14,39,54,1.0,10.0,1.05,0.0,4.58,0.26
27,438330,TIGER 투자등급회사채액티브,5,120,14,39,54,1.0,10.0,1.05,0.0,6.21,2.23
27,469820,SOL 24-12 회사채(AA-이상)액티브,5,120,14,39,54,1.0,10.0,1.05,0.0,5.13,0.34
27,461270,ACE 26-06 회사채(AA-이상)액티브,5,120,14,39,54,1.0,10.0,1.05,0.0,6.29,1.4
27,190620,ACE 단기통안채,5,120,14,39,54,1.0,10.0,1.05,0.0,1.77,0.13
27,454780,히어로즈 종합채권(AA-이상)액티브,5,120,14,39,54,1.0,10.0,1.05,0.0,4.98,4.32
27,464230,히어로즈 24-09 회사채(AA-이상)액티브,5,120,14,39,54,1.0,10.0,1.05,0.0,4.18,0.38
27,278620,ARIRANG 단기채권액티브,5,120,14,39,54,1.0,10.0,1.05,0.0,1.94,0.42
27,467940,KODEX 25-11 회사채(A+이상)액티브,5,120,14,39,54,1.0,10.0,1.05,0.0,6.88,1.08
27,469830,SOL 초단기채권액티브,5,120,14,39,54,1.0,10.0,1.05,0.0,4.6,0.21
27,459580,KODEX CD금리액티브(합성),5,120,14,39,54,1.0,10.0,1.05,0.0,3.81,0.15
27,477080,KBSTAR CD금리액티브(합성),5,120,14,39,54,1.0,10.0,1.05,0.0,3.84,0.14
27,357870,TIGER CD금리투자KIS(합성),5,120,14,39,54,1.0,10.0,1.05,0.0,2.24,0.23
27,423160,KODEX KOFR금리액티브(합성),5,120,14,39,54,1.0,10.0,1.05,0.0,3.32,0.13
27,449170,TIGER KOFR금리액티브(합성),5,120,14,39,54,1.0,10.0,1.05,0.0,3.65,0.15
27,273130,KODEX 종합채권(AA-이상)액티브,5,120,14,39,54,1.0,10.0,1.05,2.77,1.74,3.05
27,465680,KODEX 24-12 은행채(AA+이상)액티브,5,120,14,39,54,1.0,10.0,1.05,0.0,4.34,0.59
27,470260,TIGER 24-12 금융채(AA-이상),5,120,14,39,54,1.0,10.0,1.05,0.0,4.94,0.35
27,455890,KBSTAR 머니마켓액티브,5,120,14,39,54,1.0,10.0,1.05,0.0,4.41,0.24
27,214980,KODEX 단기채권PLUS,5,120,14,39,54,1.0,10.0,1.05,0.0,1.81,0.18
27,475630,TIGER CD1년금리액티브(합성),5,120,14,39,54,1.0,10.0,1.05,0.0,3.84,0.14
27,481050,KODEX 1년은행양도성예금증서+액티브(합성),5,120,14,39,54,1.0,10.0,1.05,0.0,3.95,0.15
27,453540,TIGER 25-10 회사채(A+이상)액티브,5,120,14,39,54,1.0,10.0,1.05,0.0,4.65,1.46
27,476810,KODEX 25-11 은행채(AA-이상)PLUS액티브,5,120,14,39,54,1.0,10.0,1.05,0.0,5.99,0.85
27,447820,TIGER 24-10 회사채(A+이상)액티브,5,120,14,39,54,1.0,10.0,1.05,0.0,6.36,1.2
27,153130,KODEX 단기채권,5,120,14,39,54,1.0,10.0,1.05,0.0,1.93,0.34
27,272580,TIGER 단기채권액티브,5,120,14,39,54,1.0,10.0,1.05,0.0,1.91,0.22
27,451540,TIGER 종합채권(AA-이상)액티브,5,120,14,39,54,1.0,10.0,1.05,0.0,5.14,4.07
27,196230,KBSTAR 단기통안채,5,120,14,39,54,1.0,10.0,1.05,0.0,1.78,0.21
27,462540,SOL 25-09 회사채(AA-이상)액티브,5,120,14,39,54,1.0,10.0,1.05,0.0,5.7,1.01
27,480260,TIGER 27-04회사채(A+이상)액티브,5,120,14,39,54,1.0,10.0,1.05,0.0,9.38,1.19
27,473440,ACE 11월만기자동연장회사채AA-이상액티브,5,120,14,39,54,1.0,10.0,1.05,0.0,4.59,1.79
27,484890,SOL 머니마켓액티브,5,120,14,39,54,1.0,10.0,1.05,0.0,4.14,0.12
27,479520,KBSTAR KOFR금리액티브(합성),5,120,14,39,54,1.0,10.0,1.05,0.0,3.69,0.15
27,122260,KOSEF 통안채1년,5,120,14,39,54,1.0,10.0,1.05,0.0,2.39,1.33
27,458030,WOORI 단기국공채액티브,5,120,14,39,54,1.0,10.0,1.05,0.0,3.98,0.24
27,272910,ACE 중장기국공채액티브,5,120,14,39,54,1.0,10.0,1.05,14.54,1.75,2.49
27,336160,KBSTAR 금융채액티브,5,120,14,39,54,1.0,10.0,1.05,24.44,1.94,2.03
27,114100,KBSTAR 국고채3년,5,120,14,39,54,1.0,10.0,1.05,2.32,2.88,1.8
27,363510,SOL KIS단기통안채,5,120,14,39,54,1.0,10.0,1.05,0.0,1.95,0.29
27,475280,ACE 8월만기자동연장회사채AA-이상액티브,5,120,14,39,54,1.0,10.0,1.05,0.0,4.02,0.51
27,438560,SOL 국고채3년,5,120,14,39,54,1.0,10.0,1.05,0.0,4.29,2.83
27,239660,ARIRANG 우량회사채50 1년,5,120,14,39,54,1.0,10.0,1.05,0.0,1.89,0.52
27,272570,KBSTAR 중장기국공채액티브,5,120,14,39,54,1.0,10.0,1.05,2.55,1.75,2.88
27,114470,KOSEF 국고채3년,5,120,14,39,54,1.0,10.0,1.05,2.33,2.86,1.75
27,453060,HANARO KOFR금리액티브(합성),5,120,14,39,54,1.0,10.0,1.05,0.0,3.72,0.17
27,471290,HANARO CD금리액티브(합성),5,120,14,39,54,1.0,10.0,1.05,0.0,3.65,0.18
27,430500,KOSEF 물가채KIS,5,120,14,39,54,1.0,10.0,1.05,0.0,6.8,4.65
27,432600,KBSTAR 국채선물3년,5,120,14,39,54,1.0,10.0,1.05,0.0,3.76,3.69
27,292770,KODEX 국채선물3년인버스,5,120,14,39,54,1.0,10.0,1.05,5.64,1.42,2.17
27,397410,KBSTAR 국채선물5년추종인버스,5,120,14,39,54,1.0,10.0,1.05,0.0,4.11,4.48
27,440640,ACE 단기채권알파액티브,5,120,14,39,54,1.0,10.0,1.05,0.0,3.81,0.34
27,136340,KBSTAR 중기우량회사채,5,120,14,39,54,1.0,10.0,1.05,23.71,2.91,1.36
27,282000,KBSTAR 국고채3년선물인버스,5,120,14,39,54,1.0,10.0,1.05,5.06,1.3,2.16
27,385550,KBSTAR 단기종합채권(AA-이상)액티브,5,120,14,39,54,1.0,10.0,1.05,0.0,2.84,0.35
27,475260,ACE 2월만기자동연장회사채AA-이상액티브,5,120,14,39,54,1.0,10.0,1.05,0.0,4.6,0.5
27,458210,히어로즈 CD금리액티브(합성),5,120,14,39,54,1.0,10.0,1.05,0.0,3.67,0.26
27,472920,HK 종합채권(AA-이상)액티브,5,120,14,39,54,1.0,10.0,1.05,0.0,8.83,3.31
27,466400,1Q 25-08 회사채(A+이상)액티브,5,120,14,39,54,1.0,10.0,1.05,0.0,6.78,0.86
27,470320,BNK 24-11 회사채(AA-이상)액티브,5,120,14,39,54,1.0,10.0,1.05,0.0,5.25,0.29
27,468820,WOORI 25-09 회사채(AA-이상)액티브,5,120,14,39,54,1.0,10.0,1.05,0.0,8.41,0.74
27,130730,KOSEF 단기자금,5,120,14,39,54,1.0,10.0,1.05,0.0,2.2,0.45
27,464240,히어로즈 26-09 회사채(AA-이상)액티브,5,120,14,39,54,1.0,10.0,1.05,0.0,6.91,1.53
27,461260,ACE 25-06 회사채(AA-이상)액티브,5,120,14,39,54,1.0,10.0,1.05,0.0,5.26,0.97
27,453010,ARIRANG KOFR금리,5,120,14,39,54,1.0,10.0,1.05,0.0,3.57,0.15
27,419890,히어로즈 단기채권ESG액티브,5,120,14,39,54,1.0,10.0,1.05,0.0,3.59,0.58
27,448600,KBSTAR 25-11 회사채(AA-이상)액티브,5,120,14,39,54,1.0,10.0,1.05,0.0,7.4,1.89
27,483230,KBSTAR 25-06 은행채(AA+이상)액티브,5,120,14,39,54,1.0,10.0,1.05,0.0,5.93,0.36
27,465780,마이티 26-09 특수채(AAA)액티브,5,120,14,39,54,1.0,10.0,1.05,0.0,7.41,1.64
27,475270,ACE 5월만기자동연장회사채AA-이상액티브,5,120,14,39,54,1.0,10.0,1.05,0.0,4.37,0.5
27,390950,HANARO 단기채권액티브,5,120,14,39,54,1.0,10.0,1.05,0.0,2.34,0.27
27,459580,KODEX CD금리액티브(합성),5,120,14,49,54,1.0,10.0,0.96,0.0,3.81,0.15
27,423160,KODEX KOFR금리액티브(합성),5,120,14,49,54,1.0,10.0,0.96,0.0,3.32,0.13
27,449170,TIGER KOFR금리액티브(합성),5,120,14,49,54,1.0,10.0,0.96,0.0,3.65,0.15
27,136340,KBSTAR 중기우량회사채,5,120,14,49,54,1.0,10.0,0.96,23.71,2.91,1.36
27,464240,히어로즈 26-09 회사채(AA-이상)액티브,5,120,14,49,54,1.0,10.0,0.96,0.0,6.91,1.53
27,475270,ACE 5월만기자동연장회사채AA-이상액티브,5,120,14,49,54,1.0,10.0,0.96,0.0,4.37,0.5
27,465780,마이티 26-09 특수채(AAA)액티브,5,120,14,49,54,1.0,10.0,0.96,0.0,7.41,1.64
27,483230,KBSTAR 25-06 은행채(AA+이상)액티브,5,120,14,49,54,1.0,10.0,0.96,0.0,5.93,0.36
27,448600,KBSTAR 25-11 회사채(AA-이상)액티브,5,120,14,49,54,1.0,10.0,0.96,0.0,7.4,1.89
27,419890,히어로즈 단기채권ESG액티브,5,120,14,49,54,1.0,10.0,0.96,0.0,3.59,0.58
27,453010,ARIRANG KOFR금리,5,120,14,49,54,1.0,10.0,0.96,0.0,3.57,0.15
27,461260,ACE 25-06 회사채(AA-이상)액티브,5,120,14,49,54,1.0,10.0,0.96,0.0,5.26,0.97
27,130730,KOSEF 단기자금,5,120,14,49,54,1.0,10.0,0.96,0.0,2.2,0.45
27,282000,KBSTAR 국고채3년선물인버스,5,120,14,49,54,1.0,10.0,0.96,0.18,1.3,2.16
27,468820,WOORI 25-09 회사채(AA-이상)액티브,5,120,14,49,54,1.0,10.0,0.96,0.0,8.41,0.74
27,470320,BNK 24-11 회사채(AA-이상)액티브,5,120,14,49,54,1.0,10.0,0.96,0.0,5.25,0.29
27,466400,1Q 25-08 회사채(A+이상)액티브,5,120,14,49,54,1.0,10.0,0.96,0.0,6.78,0.86
27,472920,HK 종합채권(AA-이상)액티브,5,120,14,49,54,1.0,10.0,0.96,0.0,8.83,3.31
27,458210,히어로즈 CD금리액티브(합성),5,120,14,49,54,1.0,10.0,0.96,0.0,3.67,0.26
27,475260,ACE 2월만기자동연장회사채AA-이상액티브,5,120,14,49,54,1.0,10.0,0.96,0.0,4.6,0.5
27,440640,ACE 단기채권알파액티브,5,120,14,49,54,1.0,10.0,0.96,0.0,3.81,0.34
27,397410,KBSTAR 국채선물5년추종인버스,5,120,14,49,54,1.0,10.0,0.96,0.0,4.11,4.48
27,479520,KBSTAR KOFR금리액티브(합성),5,120,14,49,54,1.0,10.0,0.96,0.0,3.69,0.15
27,272570,KBSTAR 중장기국공채액티브,5,120,14,49,54,1.0,10.0,0.96,4.33,1.75,2.88
27,298340,ARIRANG 국채선물3년,5,120,14,49,54,1.0,10.0,0.96,0.22,1.64,2.08
27,292770,KODEX 국채선물3년인버스,5,120,14,49,54,1.0,10.0,0.96,1.69,1.42,2.17
27,432600,KBSTAR 국채선물3년,5,120,14,49,54,1.0,10.0,0.96,0.0,3.76,3.69
27,430500,KOSEF 물가채KIS,5,120,14,49,54,1.0,10.0,0.96,0.0,6.8,4.65
27,471290,HANARO CD금리액티브(합성),5,120,14,49,54,1.0,10.0,0.96,0.0,3.65,0.18
27,453060,HANARO KOFR금리액티브(합성),5,120,14,49,54,1.0,10.0,0.96,0.0,3.72,0.17
27,114470,KOSEF 국고채3년,5,120,14,49,54,1.0,10.0,0.96,2.33,2.86,1.75
27,239660,ARIRANG 우량회사채50 1년,5,120,14,49,54,1.0,10.0,0.96,0.0,1.89,0.52
27,122260,KOSEF 통안채1년,5,120,14,49,54,1.0,10.0,0.96,0.0,2.39,1.33
27,438560,SOL 국고채3년,5,120,14,49,54,1.0,10.0,0.96,0.0,4.29,2.83
27,475280,ACE 8월만기자동연장회사채AA-이상액티브,5,120,14,49,54,1.0,10.0,0.96,0.0,4.02,0.51
27,363510,SOL KIS단기통안채,5,120,14,49,54,1.0,10.0,0.96,0.0,1.95,0.29
27,114100,KBSTAR 국고채3년,5,120,14,49,54,1.0,10.0,0.96,2.32,2.88,1.8
27,336160,KBSTAR 금융채액티브,5,120,14,49,54,1.0,10.0,0.96,24.44,1.94,2.03
27,272910,ACE 중장기국공채액티브,5,120,14,49,54,1.0,10.0,0.96,16.79,1.75,2.49
27,458030,WOORI 단기국공채액티브,5,120,14,49,54,1.0,10.0,0.96,0.0,3.98,0.24
27,385550,KBSTAR 단기종합채권(AA-이상)액티브,5,120,14,49,54,1.0,10.0,0.96,0.0,2.84,0.35
27,484890,SOL 머니마켓액티브,5,120,14,49,54,1.0,10.0,0.96,0.0,4.14,0.12
27,473440,ACE 11월만기자동연장회사채AA-이상액티브,5,120,14,49,54,1.0,10.0,0.96,0.0,4.59,1.79
27,476810,KODEX 25-11 은행채(AA-이상)PLUS액티브,5,120,14,49,54,1.0,10.0,0.96,0.0,5.99,0.85
27,469830,SOL 초단기채권액티브,5,120,14,49,54,1.0,10.0,0.96,0.0,4.6,0.21
27,477080,KBSTAR CD금리액티브(합성),5,120,14,49,54,1.0,10.0,0.96,0.0,3.84,0.14
27,196230,KBSTAR 단기통안채,5,120,14,49,54,1.0,10.0,0.96,0.0,1.78,0.21
27,451540,TIGER 종합채권(AA-이상)액티브,5,120,14,49,54,1.0,10.0,0.96,0.0,5.14,4.07
27,272580,TIGER 단기채권액티브,5,120,14,49,54,1.0,10.0,0.96,0.0,1.91,0.22
27,153130,KODEX 단기채권,5,120,14,49,54,1.0,10.0,0.96,0.0,1.93,0.34
27,447820,TIGER 24-10 회사채(A+이상)액티브,5,120,14,49,54,1.0,10.0,0.96,0.0,6.36,1.2
27,453540,TIGER 25-10 회사채(A+이상)액티브,5,120,14,49,54,1.0,10.0,0.96,0.0,4.65,1.46
27,467940,KODEX 25-11 회사채(A+이상)액티브,5,120,14,49,54,1.0,10.0,0.96,0.0,6.88,1.08
27,481050,KODEX 1년은행양도성예금증서+액티브(합성),5,120,14,49,54,1.0,10.0,0.96,0.0,3.95,0.15
27,475630,TIGER CD1년금리액티브(합성),5,120,14,49,54,1.0,10.0,0.96,0.0,3.84,0.14
27,214980,KODEX 단기채권PLUS,5,120,14,49,54,1.0,10.0,0.96,0.0,1.81,0.18
27,455890,KBSTAR 머니마켓액티브,5,120,14,49,54,1.0,10.0,0.96,0.0,4.41,0.24
27,470260,TIGER 24-12 금융채(AA-이상),5,120,14,49,54,1.0,10.0,0.96,0.0,4.94,0.35
27,465680,KODEX 24-12 은행채(AA+이상)액티브,5,120,14,49,54,1.0,10.0,0.96,0.0,4.34,0.59
27,273130,KODEX 종합채권(AA-이상)액티브,5,120,14,49,54,1.0,10.0,0.96,2.77,1.74,3.05
27,477050,ARIRANG 머니마켓액티브,5,120,14,49,54,1.0,10.0,0.96,0.0,4.1,0.22
27,451000,ARIRANG 종합채권(AA-이상)액티브,5,120,14,49,54,1.0,10.0,0.96,0.0,5.79,4.81
27,480260,TIGER 27-04회사채(A+이상)액티브,5,120,14,49,54,1.0,10.0,0.96,0.0,9.38,1.19
27,438330,TIGER 투자등급회사채액티브,5,120,14,49,54,1.0,10.0,0.96,0.0,6.21,2.23
27,462540,SOL 25-09 회사채(AA-이상)액티브,5,120,14,49,54,1.0,10.0,0.96,0.0,5.7,1.01
27,278620,ARIRANG 단기채권액티브,5,120,14,49,54,1.0,10.0,0.96,0.0,1.94,0.42
27,464230,히어로즈 24-09 회사채(AA-이상)액티브,5,120,14,49,54,1.0,10.0,0.96,0.0,4.18,0.38
27,454780,히어로즈 종합채권(AA-이상)액티브,5,120,14,49,54,1.0,10.0,0.96,0.0,4.98,4.32
27,190620,ACE 단기통안채,5,120,14,49,54,1.0,10.0,0.96,0.0,1.77,0.13
27,461270,ACE 26-06 회사채(AA-이상)액티브,5,120,14,49,54,1.0,10.0,0.96,0.0,6.29,1.4
27,469820,SOL 24-12 회사채(AA-이상)액티브,5,120,14,49,54,1.0,10.0,0.96,0.0,5.13,0.34
27,463290,1Q 단기금융채액티브,5,120,14,49,54,1.0,10.0,0.96,0.0,4.58,0.26
27,476450,히어로즈 머니마켓액티브,5,120,14,49,54,1.0,10.0,0.96,0.0,4.26,0.32
27,272560,KBSTAR 단기국공채액티브,5,120,14,49,54,1.0,10.0,0.96,0.0,2.0,0.36
27,464540,KBSTAR 25-03 회사채(AA-이상)액티브,5,120,14,49,54,1.0,10.0,0.96,0.0,4.95,0.55
27,473290,KODEX 26-12 회사채(AA-이상)액티브,5,120,14,49,54,1.0,10.0,0.96,0.0,6.18,1.28
27,448880,ACE 24-12 회사채(AA-이상)액티브,5,120,14,49,54,1.0,10.0,0.96,0.0,6.77,0.92
27,439860,KODEX ESG종합채권(A-이상)액티브,5,120,14,49,54,1.0,10.0,0.96,0.0,5.42,2.08
27,273140,KODEX 단기변동금리부채권액티브,5,120,14,49,54,1.0,10.0,0.96,0.0,1.87,0.25
27,479080,1Q 머니마켓액티브,5,120,14,49,54,1.0,10.0,0.96,0.0,4.64,0.18
27,357870,TIGER CD금리투자KIS(합성),5,120,14,49,54,1.0,10.0,0.96,0.0,2.24,0.23
27,390950,HANARO 단기채권액티브,5,120,14,49,54,1.0,10.0,0.96,0.0,2.34,0.27
27,357870,TIGER CD금리투자KIS(합성),5,120,14,44,54,1.0,10.0,0.95,0.0,2.24,0.23
27,423160,KODEX KOFR금리액티브(합성),5,120,14,44,54,1.0,10.0,0.95,0.0,3.32,0.13
27,479080,1Q 머니마켓액티브,5,120,14,44,54,1.0,10.0,0.95,0.0,4.64,0.18
27,273140,KODEX 단기변동금리부채권액티브,5,120,14,44,54,1.0,10.0,0.95,0.0,1.87,0.25
27,439860,KODEX ESG종합채권(A-이상)액티브,5,120,14,44,54,1.0,10.0,0.95,0.0,5.42,2.08
27,448880,ACE 24-12 회사채(AA-이상)액티브,5,120,14,44,54,1.0,10.0,0.95,0.0,6.77,0.92
27,473290,KODEX 26-12 회사채(AA-이상)액티브,5,120,14,44,54,1.0,10.0,0.95,0.0,6.18,1.28
27,464540,KBSTAR 25-03 회사채(AA-이상)액티브,5,120,14,44,54,1.0,10.0,0.95,0.0,4.95,0.55
27,272560,KBSTAR 단기국공채액티브,5,120,14,44,54,1.0,10.0,0.95,0.0,2.0,0.36
27,463290,1Q 단기금융채액티브,5,120,14,44,54,1.0,10.0,0.95,0.0,4.58,0.26
27,438330,TIGER 투자등급회사채액티브,5,120,14,44,54,1.0,10.0,0.95,0.0,6.21,2.23
27,469820,SOL 24-12 회사채(AA-이상)액티브,5,120,14,44,54,1.0,10.0,0.95,0.0,5.13,0.34
27,461270,ACE 26-06 회사채(AA-이상)액티브,5,120,14,44,54,1.0,10.0,0.95,0.0,6.29,1.4
27,190620,ACE 단기통안채,5,120,14,44,54,1.0,10.0,0.95,0.0,1.77,0.13
27,454780,히어로즈 종합채권(AA-이상)액티브,5,120,14,44,54,1.0,10.0,0.95,0.0,4.98,4.32
27,464230,히어로즈 24-09 회사채(AA-이상)액티브,5,120,14,44,54,1.0,10.0,0.95,0.0,4.18,0.38
27,278620,ARIRANG 단기채권액티브,5,120,14,44,54,1.0,10.0,0.95,0.0,1.94,0.42
27,462540,SOL 25-09 회사채(AA-이상)액티브,5,120,14,44,54,1.0,10.0,0.95,0.0,5.7,1.01
27,480260,TIGER 27-04회사채(A+이상)액티브,5,120,14,44,54,1.0,10.0,0.95,0.0,9.38,1.19
27,476450,히어로즈 머니마켓액티브,5,120,14,44,54,1.0,10.0,0.95,0.0,4.26,0.32
27,451000,ARIRANG 종합채권(AA-이상)액티브,5,120,14,44,54,1.0,10.0,0.95,0.0,5.79,4.81
27,467940,KODEX 25-11 회사채(A+이상)액티브,5,120,14,44,54,1.0,10.0,0.95,0.0,6.88,1.08
27,453540,TIGER 25-10 회사채(A+이상)액티브,5,120,14,44,54,1.0,10.0,0.95,0.0,4.65,1.46
27,273130,KODEX 종합채권(AA-이상)액티브,5,120,14,44,54,1.0,10.0,0.95,2.77,1.74,3.05
27,465680,KODEX 24-12 은행채(AA+이상)액티브,5,120,14,44,54,1.0,10.0,0.95,0.0,4.34,0.59
27,470260,TIGER 24-12 금융채(AA-이상),5,120,14,44,54,1.0,10.0,0.95,0.0,4.94,0.35
27,455890,KBSTAR 머니마켓액티브,5,120,14,44,54,1.0,10.0,0.95,0.0,4.41,0.24
27,214980,KODEX 단기채권PLUS,5,120,14,44,54,1.0,10.0,0.95,0.0,1.81,0.18
27,475630,TIGER CD1년금리액티브(합성),5,120,14,44,54,1.0,10.0,0.95,0.0,3.84,0.14
27,481050,KODEX 1년은행양도성예금증서+액티브(합성),5,120,14,44,54,1.0,10.0,0.95,0.0,3.95,0.15
27,476810,KODEX 25-11 은행채(AA-이상)PLUS액티브,5,120,14,44,54,1.0,10.0,0.95,0.0,5.99,0.85
27,477050,ARIRANG 머니마켓액티브,5,120,14,44,54,1.0,10.0,0.95,0.0,4.1,0.22
27,447820,TIGER 24-10 회사채(A+이상)액티브,5,120,14,44,54,1.0,10.0,0.95,0.0,6.36,1.2
27,153130,KODEX 단기채권,5,120,14,44,54,1.0,10.0,0.95,0.0,1.93,0.34
27,272580,TIGER 단기채권액티브,5,120,14,44,54,1.0,10.0,0.95,0.0,1.91,0.22
27,451540,TIGER 종합채권(AA-이상)액티브,5,120,14,44,54,1.0,10.0,0.95,0.0,5.14,4.07
27,196230,KBSTAR 단기통안채,5,120,14,44,54,1.0,10.0,0.95,0.0,1.78,0.21
27,477080,KBSTAR CD금리액티브(합성),5,120,14,44,54,1.0,10.0,0.95,0.0,3.84,0.14
27,469830,SOL 초단기채권액티브,5,120,14,44,54,1.0,10.0,0.95,0.0,4.6,0.21
27,473440,ACE 11월만기자동연장회사채AA-이상액티브,5,120,14,44,54,1.0,10.0,0.95,0.0,4.59,1.79
27,385550,KBSTAR 단기종합채권(AA-이상)액티브,5,120,14,44,54,1.0,10.0,0.95,0.0,2.84,0.35
27,475260,ACE 2월만기자동연장회사채AA-이상액티브,5,120,14,44,54,1.0,10.0,0.95,0.0,4.6,0.5
27,272570,KBSTAR 중장기국공채액티브,5,120,14,44,54,1.0,10.0,0.95,2.55,1.75,2.88
27,272910,ACE 중장기국공채액티브,5,120,14,44,54,1.0,10.0,0.95,14.54,1.75,2.49
27,336160,KBSTAR 금융채액티브,5,120,14,44,54,1.0,10.0,0.95,24.44,1.94,2.03
27,114100,KBSTAR 국고채3년,5,120,14,44,54,1.0,10.0,0.95,2.32,2.88,1.8
27,363510,SOL KIS단기통안채,5,120,14,44,54,1.0,10.0,0.95,0.0,1.95,0.29
27,475280,ACE 8월만기자동연장회사채AA-이상액티브,5,120,14,44,54,1.0,10.0,0.95,0.0,4.02,0.51
27,438560,SOL 국고채3년,5,120,14,44,54,1.0,10.0,0.95,0.0,4.29,2.83
27,239660,ARIRANG 우량회사채50 1년,5,120,14,44,54,1.0,10.0,0.95,0.0,1.89,0.52
27,114470,KOSEF 국고채3년,5,120,14,44,54,1.0,10.0,0.95,2.33,2.86,1.75
27,122260,KOSEF 통안채1년,5,120,14,44,54,1.0,10.0,0.95,0.0,2.39,1.33
27,453060,HANARO KOFR금리액티브(합성),5,120,14,44,54,1.0,10.0,0.95,0.0,3.72,0.17
27,471290,HANARO CD금리액티브(합성),5,120,14,44,54,1.0,10.0,0.95,0.0,3.65,0.18
27,430500,KOSEF 물가채KIS,5,120,14,44,54,1.0,10.0,0.95,0.0,6.8,4.65
27,432600,KBSTAR 국채선물3년,5,120,14,44,54,1.0,10.0,0.95,0.0,3.76,3.69
27,292770,KODEX 국채선물3년인버스,5,120,14,44,54,1.0,10.0,0.95,1.67,1.42,2.17
27,298340,ARIRANG 국채선물3년,5,120,14,44,54,1.0,10.0,0.95,2.52,1.64,2.08
27,390950,HANARO 단기채권액티브,5,120,14,44,54,1.0,10.0,0.95,0.0,2.34,0.27
27,458030,WOORI 단기국공채액티브,5,120,14,44,54,1.0,10.0,0.95,0.0,3.98,0.24
27,479520,KBSTAR KOFR금리액티브(합성),5,120,14,44,54,1.0,10.0,0.95,0.0,3.69,0.15
27,458210,히어로즈 CD금리액티브(합성),5,120,14,44,54,1.0,10.0,0.95,0.0,3.67,0.26
27,453010,ARIRANG KOFR금리,5,120,14,44,54,1.0,10.0,0.95,0.0,3.57,0.15
27,472920,HK 종합채권(AA-이상)액티브,5,120,14,44,54,1.0,10.0,0.95,0.0,8.83,3.31
27,466400,1Q 25-08 회사채(A+이상)액티브,5,120,14,44,54,1.0,10.0,0.95,0.0,6.78,0.86
27,470320,BNK 24-11 회사채(AA-이상)액티브,5,120,14,44,54,1.0,10.0,0.95,0.0,5.25,0.29
27,468820,WOORI 25-09 회사채(AA-이상)액티브,5,120,14,44,54,1.0,10.0,0.95,0.0,8.41,0.74
27,282000,KBSTAR 국고채3년선물인버스,5,120,14,44,54,1.0,10.0,0.95,0.83,1.3,2.16
27,130730,KOSEF 단기자금,5,120,14,44,54,1.0,10.0,0.95,0.0,2.2,0.45
27,461260,ACE 25-06 회사채(AA-이상)액티브,5,120,14,44,54,1.0,10.0,0.95,0.0,5.26,0.97
27,419890,히어로즈 단기채권ESG액티브,5,120,14,44,54,1.0,10.0,0.95,0.0,3.59,0.58
27,397410,KBSTAR 국채선물5년추종인버스,5,120,14,44,54,1.0,10.0,0.95,0.0,4.11,4.48
27,448600,KBSTAR 25-11 회사채(AA-이상)액티브,5,120,14,44,54,1.0,10.0,0.95,0.0,7.4,1.89
27,483230,KBSTAR 25-06 은행채(AA+이상)액티브,5,120,14,44,54,1.0,10.0,0.95,0.0,5.93,0.36
27,465780,마이티 26-09 특수채(AAA)액티브,5,120,14,44,54,1.0,10.0,0.95,0.0,7.41,1.64
27,475270,ACE 5월만기자동연장회사채AA-이상액티브,5,120,14,44,54,1.0,10.0,0.95,0.0,4.37,0.5
27,464240,히어로즈 26-09 회사채(AA-이상)액티브,5,120,14,44,54,1.0,10.0,0.95,0.0,6.91,1.53
27,136340,KBSTAR 중기우량회사채,5,120,14,44,54,1.0,10.0,0.95,23.71,2.91,1.36
27,440640,ACE 단기채권알파액티브,5,120,14,44,54,1.0,10.0,0.95,0.0,3.81,0.34
27,449170,TIGER KOFR금리액티브(합성),5,120,14,44,54,1.0,10.0,0.95,0.0,3.65,0.15
27,484890,SOL 머니마켓액티브,5,120,14,44,54,1.0,10.0,0.95,0.0,4.14,0.12
27,459580,KODEX CD금리액티브(합성),5,120,14,44,54,1.0,10.0,0.95,0.0,3.81,0.15
27,461260,ACE 25-06 회사채(AA-이상)액티브,5,120,14,39,59,1.0,10.0,0.67,0.0,5.26,0.97
27,136340,KBSTAR 중기우량회사채,5,120,14,39,59,1.0,10.0,0.67,14.61,2.91,1.36
27,464240,히어로즈 26-09 회사채(AA-이상)액티브,5,120,14,39,59,1.0,10.0,0.67,0.0,6.91,1.53
27,475270,ACE 5월만기자동연장회사채AA-이상액티브,5,120,14,39,59,1.0,10.0,0.67,0.0,4.37,0.5
27,465780,마이티 26-09 특수채(AAA)액티브,5,120,14,39,59,1.0,10.0,0.67,0.0,7.41,1.64
27,483230,KBSTAR 25-06 은행채(AA+이상)액티브,5,120,14,39,59,1.0,10.0,0.67,0.0,5.93,0.36
27,448600,KBSTAR 25-11 회사채(AA-이상)액티브,5,120,14,39,59,1.0,10.0,0.67,0.0,7.4,1.89
27,419890,히어로즈 단기채권ESG액티브,5,120,14,39,59,1.0,10.0,0.67,0.0,3.59,0.58
27,453010,ARIRANG KOFR금리,5,120,14,39,59,1.0,10.0,0.67,0.0,3.57,0.15
27,130730,KOSEF 단기자금,5,120,14,39,59,1.0,10.0,0.67,0.0,2.2,0.45
27,484890,SOL 머니마켓액티브,5,120,14,39,59,1.0,10.0,0.67,0.0,4.14,0.12
27,282000,KBSTAR 국고채3년선물인버스,5,120,14,39,59,1.0,10.0,0.67,5.06,1.3,2.16
27,468820,WOORI 25-09 회사채(AA-이상)액티브,5,120,14,39,59,1.0,10.0,0.67,0.0,8.41,0.74
27,470320,BNK 24-11 회사채(AA-이상)액티브,5,120,14,39,59,1.0,10.0,0.67,0.0,5.25,0.29
27,466400,1Q 25-08 회사채(A+이상)액티브,5,120,14,39,59,1.0,10.0,0.67,0.0,6.78,0.86
27,472920,HK 종합채권(AA-이상)액티브,5,120,14,39,59,1.0,10.0,0.67,0.0,8.83,3.31
27,458210,히어로즈 CD금리액티브(합성),5,120,14,39,59,1.0,10.0,0.67,0.0,3.67,0.26
27,475260,ACE 2월만기자동연장회사채AA-이상액티브,5,120,14,39,59,1.0,10.0,0.67,0.0,4.6,0.5
27,385550,KBSTAR 단기종합채권(AA-이상)액티브,5,120,14,39,59,1.0,10.0,0.67,0.0,2.84,0.35
27,440640,ACE 단기채권알파액티브,5,120,14,39,59,1.0,10.0,0.67,0.0,3.81,0.34
27,357870,TIGER CD금리투자KIS(합성),5,120,14,39,59,1.0,10.0,0.67,0.0,2.24,0.23
27,479520,KBSTAR KOFR금리액티브(합성),5,120,14,39,59,1.0,10.0,0.67,0.0,3.69,0.15
27,122260,KOSEF 통안채1년,5,120,14,39,59,1.0,10.0,0.67,0.0,2.39,1.33
27,459580,KODEX CD금리액티브(합성),5,120,14,39,59,1.0,10.0,0.67,0.0,3.81,0.15
27,298340,ARIRANG 국채선물3년,5,120,14,39,59,1.0,10.0,0.67,1.94,1.64,2.08
27,292770,KODEX 국채선물3년인버스,5,120,14,39,59,1.0,10.0,0.67,0.27,1.42,2.17
27,432600,KBSTAR 국채선물3년,5,120,14,39,59,1.0,10.0,0.67,0.0,3.76,3.69
27,430500,KOSEF 물가채KIS,5,120,14,39,59,1.0,10.0,0.67,0.0,6.8,4.65
27,471290,HANARO CD금리액티브(합성),5,120,14,39,59,1.0,10.0,0.67,0.0,3.65,0.18
27,453060,HANARO KOFR금리액티브(합성),5,120,14,39,59,1.0,10.0,0.67,0.0,3.72,0.17
27,114470,KOSEF 국고채3년,5,120,14,39,59,1.0,10.0,0.67,2.52,2.86,1.75
27,272570,KBSTAR 중장기국공채액티브,5,120,14,39,59,1.0,10.0,0.67,2.99,1.75,2.88
27,239660,ARIRANG 우량회사채50 1년,5,120,14,39,59,1.0,10.0,0.67,0.0,1.89,0.52
27,438560,SOL 국고채3년,5,120,14,39,59,1.0,10.0,0.67,0.0,4.29,2.83
27,475280,ACE 8월만기자동연장회사채AA-이상액티브,5,120,14,39,59,1.0,10.0,0.67,0.0,4.02,0.51
27,363510,SOL KIS단기통안채,5,120,14,39,59,1.0,10.0,0.67,0.0,1.95,0.29
27,114100,KBSTAR 국고채3년,5,120,14,39,59,1.0,10.0,0.67,2.32,2.88,1.8
27,336160,KBSTAR 금융채액티브,5,120,14,39,59,1.0,10.0,0.67,14.9,1.94,2.03
27,272910,ACE 중장기국공채액티브,5,120,14,39,59,1.0,10.0,0.67,6.8,1.75,2.49
27,458030,WOORI 단기국공채액티브,5,120,14,39,59,1.0,10.0,0.67,0.0,3.98,0.24
27,397410,KBSTAR 국채선물5년추종인버스,5,120,14,39,59,1.0,10.0,0.67,0.0,4.11,4.48
27,473440,ACE 11월만기자동연장회사채AA-이상액티브,5,120,14,39,59,1.0,10.0,0.67,0.0,4.59,1.79
27,390950,HANARO 단기채권액티브,5,120,14,39,59,1.0,10.0,0.67,0.0,2.34,0.27
27,477050,ARIRANG 머니마켓액티브,5,120,14,39,59,1.0,10.0,0.67,0.0,4.1,0.22
27,477080,KBSTAR CD금리액티브(합성),5,120,14,39,59,1.0,10.0,0.67,0.0,3.84,0.14
27,196230,KBSTAR 단기통안채,5,120,14,39,59,1.0,10.0,0.67,0.0,1.78,0.21
27,451540,TIGER 종합채권(AA-이상)액티브,5,120,14,39,59,1.0,10.0,0.67,0.0,5.14,4.07
27,272580,TIGER 단기채권액티브,5,120,14,39,59,1.0,10.0,0.67,0.0,1.91,0.22
27,153130,KODEX 단기채권,5,120,14,39,59,1.0,10.0,0.67,0.0,1.93,0.34
27,447820,TIGER 24-10 회사채(A+이상)액티브,5,120,14,39,59,1.0,10.0,0.67,0.0,6.36,1.2
27,453540,TIGER 25-10 회사채(A+이상)액티브,5,120,14,39,59,1.0,10.0,0.67,0.0,4.65,1.46
27,481050,KODEX 1년은행양도성예금증서+액티브(합성),5,120,14,39,59,1.0,10.0,0.67,0.0,3.95,0.15
27,475630,TIGER CD1년금리액티브(합성),5,120,14,39,59,1.0,10.0,0.67,0.0,3.84,0.14
27,214980,KODEX 단기채권PLUS,5,120,14,39,59,1.0,10.0,0.67,0.0,1.81,0.18
27,455890,KBSTAR 머니마켓액티브,5,120,14,39,59,1.0,10.0,0.67,0.0,4.41,0.24
27,470260,TIGER 24-12 금융채(AA-이상),5,120,14,39,59,1.0,10.0,0.67,0.0,4.94,0.35
27,465680,KODEX 24-12 은행채(AA+이상)액티브,5,120,14,39,59,1.0,10.0,0.67,0.0,4.34,0.59
27,273130,KODEX 종합채권(AA-이상)액티브,5,120,14,39,59,1.0,10.0,0.67,3.76,1.74,3.05
27,449170,TIGER KOFR금리액티브(합성),5,120,14,39,59,1.0,10.0,0.67,0.0,3.65,0.15
27,423160,KODEX KOFR금리액티브(합성),5,120,14,39,59,1.0,10.0,0.67,0.0,3.32,0.13
27,480260,TIGER 27-04회사채(A+이상)액티브,5,120,14,39,59,1.0,10.0,0.67,0.0,9.38,1.19
27,469830,SOL 초단기채권액티브,5,120,14,39,59,1.0,10.0,0.67,0.0,4.6,0.21
27,476810,KODEX 25-11 은행채(AA-이상)PLUS액티브,5,120,14,39,59,1.0,10.0,0.67,0.0,5.99,0.85
27,467940,KODEX 25-11 회사채(A+이상)액티브,5,120,14,39,59,1.0,10.0,0.67,0.0,6.88,1.08
27,272560,KBSTAR 단기국공채액티브,5,120,14,39,59,1.0,10.0,0.67,0.0,2.0,0.36
27,451000,ARIRANG 종합채권(AA-이상)액티브,5,120,14,39,59,1.0,10.0,0.67,0.0,5.79,4.81
27,278620,ARIRANG 단기채권액티브,5,120,14,39,59,1.0,10.0,0.67,0.0,1.94,0.42
27,464230,히어로즈 24-09 회사채(AA-이상)액티브,5,120,14,39,59,1.0,10.0,0.67,0.0,4.18,0.38
27,454780,히어로즈 종합채권(AA-이상)액티브,5,120,14,39,59,1.0,10.0,0.67,0.0,4.98,4.32
27,190620,ACE 단기통안채,5,120,14,39,59,1.0,10.0,0.67,0.0,1.77,0.13
27,461270,ACE 26-06 회사채(AA-이상)액티브,5,120,14,39,59,1.0,10.0,0.67,0.0,6.29,1.4
27,438330,TIGER 투자등급회사채액티브,5,120,14,39,59,1.0,10.0,0.67,0.0,6.21,2.23
27,463290,1Q 단기금융채액티브,5,120,14,39,59,1.0,10.0,0.67,0.0,4.58,0.26
27,469820,SOL 24-12 회사채(AA-이상)액티브,5,120,14,39,59,1.0,10.0,0.67,0.0,5.13,0.34
27,464540,KBSTAR 25-03 회사채(AA-이상)액티브,5,120,14,39,59,1.0,10.0,0.67,0.0,4.95,0.55
27,462540,SOL 25-09 회사채(AA-이상)액티브,5,120,14,39,59,1.0,10.0,0.67,0.0,5.7,1.01
27,473290,KODEX 26-12 회사채(AA-이상)액티브,5,120,14,39,59,1.0,10.0,0.67,0.0,6.18,1.28
27,448880,ACE 24-12 회사채(AA-이상)액티브,5,120,14,39,59,1.0,10.0,0.67,0.0,6.77,0.92
27,439860,KODEX ESG종합채권(A-이상)액티브,5,120,14,39,59,1.0,10.0,0.67,0.0,5.42,2.08
27,273140,KODEX 단기변동금리부채권액티브,5,120,14,39,59,1.0,10.0,0.67,0.0,1.87,0.25
27,479080,1Q 머니마켓액티브,5,120,14,39,59,1.0,10.0,0.67,0.0,4.64,0.18
27,476450,히어로즈 머니마켓액티브,5,120,14,39,59,1.0,10.0,0.67,0.0,4.26,0.32
27,453010,ARIRANG KOFR금리,5,120,14,44,59,1.0,10.0,0.62,0.0,3.57,0.15
27,136340,KBSTAR 중기우량회사채,5,120,14,44,59,1.0,10.0,0.62,14.61,2.91,1.36
27,464240,히어로즈 26-09 회사채(AA-이상)액티브,5,120,14,44,59,1.0,10.0,0.62,0.0,6.91,1.53
27,475270,ACE 5월만기자동연장회사채AA-이상액티브,5,120,14,44,59,1.0,10.0,0.62,0.0,4.37,0.5
27,465780,마이티 26-09 특수채(AAA)액티브,5,120,14,44,59,1.0,10.0,0.62,0.0,7.41,1.64
27,483230,KBSTAR 25-06 은행채(AA+이상)액티브,5,120,14,44,59,1.0,10.0,0.62,0.0,5.93,0.36
27,448600,KBSTAR 25-11 회사채(AA-이상)액티브,5,120,14,44,59,1.0,10.0,0.62,0.0,7.4,1.89
27,419890,히어로즈 단기채권ESG액티브,5,120,14,44,59,1.0,10.0,0.62,0.0,3.59,0.58
27,475260,ACE 2월만기자동연장회사채AA-이상액티브,5,120,14,44,59,1.0,10.0,0.62,0.0,4.6,0.5
27,461260,ACE 25-06 회사채(AA-이상)액티브,5,120,14,44,59,1.0,10.0,0.62,0.0,5.26,0.97
27,130730,KOSEF 단기자금,5,120,14,44,59,1.0,10.0,0.62,0.0,2.2,0.45
27,282000,KBSTAR 국고채3년선물인버스,5,120,14,44,59,1.0,10.0,0.62,0.99,1.3,2.16
27,468820,WOORI 25-09 회사채(AA-이상)액티브,5,120,14,44,59,1.0,10.0,0.62,0.0,8.41,0.74
27,470320,BNK 24-11 회사채(AA-이상)액티브,5,120,14,44,59,1.0,10.0,0.62,0.0,5.25,0.29
27,466400,1Q 25-08 회사채(A+이상)액티브,5,120,14,44,59,1.0,10.0,0.62,0.0,6.78,0.86
27,472920,HK 종합채권(AA-이상)액티브,5,120,14,44,59,1.0,10.0,0.62,0.0,8.83,3.31
27,458210,히어로즈 CD금리액티브(합성),5,120,14,44,59,1.0,10.0,0.62,0.0,3.67,0.26
27,397410,KBSTAR 국채선물5년추종인버스,5,120,14,44,59,1.0,10.0,0.62,0.0,4.11,4.48
27,440640,ACE 단기채권알파액티브,5,120,14,44,59,1.0,10.0,0.62,0.0,3.81,0.34
27,390950,HANARO 단기채권액티브,5,120,14,44,59,1.0,10.0,0.62,0.0,2.34,0.27
27,479520,KBSTAR KOFR금리액티브(합성),5,120,14,44,59,1.0,10.0,0.62,0.0,3.69,0.15
27,122260,KOSEF 통안채1년,5,120,14,44,59,1.0,10.0,0.62,0.0,2.39,1.33
27,484890,SOL 머니마켓액티브,5,120,14,44,59,1.0,10.0,0.62,0.0,4.14,0.12
27,298340,ARIRANG 국채선물3년,5,120,14,44,59,1.0,10.0,0.62,1.94,1.64,2.08
27,292770,KODEX 국채선물3년인버스,5,120,14,44,59,1.0,10.0,0.62,0.27,1.42,2.17
27,432600,KBSTAR 국채선물3년,5,120,14,44,59,1.0,10.0,0.62,0.0,3.76,3.69
27,430500,KOSEF 물가채KIS,5,120,14,44,59,1.0,10.0,0.62,0.0,6.8,4.65
27,471290,HANARO CD금리액티브(합성),5,120,14,44,59,1.0,10.0,0.62,0.0,3.65,0.18
27,453060,HANARO KOFR금리액티브(합성),5,120,14,44,59,1.0,10.0,0.62,0.0,3.72,0.17
27,114470,KOSEF 국고채3년,5,120,14,44,59,1.0,10.0,0.62,2.52,2.86,1.75
27,272570,KBSTAR 중장기국공채액티브,5,120,14,44,59,1.0,10.0,0.62,2.99,1.75,2.88
27,239660,ARIRANG 우량회사채50 1년,5,120,14,44,59,1.0,10.0,0.62,0.0,1.89,0.52
27,438560,SOL 국고채3년,5,120,14,44,59,1.0,10.0,0.62,0.0,4.29,2.83
27,475280,ACE 8월만기자동연장회사채AA-이상액티브,5,120,14,44,59,1.0,10.0,0.62,0.0,4.02,0.51
27,363510,SOL KIS단기통안채,5,120,14,44,59,1.0,10.0,0.62,0.0,1.95,0.29
27,114100,KBSTAR 국고채3년,5,120,14,44,59,1.0,10.0,0.62,2.32,2.88,1.8
27,336160,KBSTAR 금융채액티브,5,120,14,44,59,1.0,10.0,0.62,14.9,1.94,2.03
27,272910,ACE 중장기국공채액티브,5,120,14,44,59,1.0,10.0,0.62,6.8,1.75,2.49
27,458030,WOORI 단기국공채액티브,5,120,14,44,59,1.0,10.0,0.62,0.0,3.98,0.24
27,385550,KBSTAR 단기종합채권(AA-이상)액티브,5,120,14,44,59,1.0,10.0,0.62,0.0,2.84,0.35
27,451000,ARIRANG 종합채권(AA-이상)액티브,5,120,14,44,59,1.0,10.0,0.62,0.0,5.79,4.81
27,473440,ACE 11월만기자동연장회사채AA-이상액티브,5,120,14,44,59,1.0,10.0,0.62,0.0,4.59,1.79
27,469830,SOL 초단기채권액티브,5,120,14,44,59,1.0,10.0,0.62,0.0,4.6,0.21
27,196230,KBSTAR 단기통안채,5,120,14,44,59,1.0,10.0,0.62,0.0,1.78,0.21
27,451540,TIGER 종합채권(AA-이상)액티브,5,120,14,44,59,1.0,10.0,0.62,0.0,5.14,4.07
27,272580,TIGER 단기채권액티브,5,120,14,44,59,1.0,10.0,0.62,0.0,1.91,0.22
27,153130,KODEX 단기채권,5,120,14,44,59,1.0,10.0,0.62,0.0,1.93,0.34
27,447820,TIGER 24-10 회사채(A+이상)액티브,5,120,14,44,59,1.0,10.0,0.62,0.0,6.36,1.2
27,476810,KODEX 25-11 은행채(AA-이상)PLUS액티브,5,120,14,44,59,1.0,10.0,0.62,0.0,5.99,0.85
27,453540,TIGER 25-10 회사채(A+이상)액티브,5,120,14,44,59,1.0,10.0,0.62,0.0,4.65,1.46
27,481050,KODEX 1년은행양도성예금증서+액티브(합성),5,120,14,44,59,1.0,10.0,0.62,0.0,3.95,0.15
27,475630,TIGER CD1년금리액티브(합성),5,120,14,44,59,1.0,10.0,0.62,0.0,3.84,0.14
27,214980,KODEX 단기채권PLUS,5,120,14,44,59,1.0,10.0,0.62,0.0,1.81,0.18
27,455890,KBSTAR 머니마켓액티브,5,120,14,44,59,1.0,10.0,0.62,0.0,4.41,0.24
27,470260,TIGER 24-12 금융채(AA-이상),5,120,14,44,59,1.0,10.0,0.62,0.0,4.94,0.35
27,465680,KODEX 24-12 은행채(AA+이상)액티브,5,120,14,44,59,1.0,10.0,0.62,0.0,4.34,0.59
27,273130,KODEX 종합채권(AA-이상)액티브,5,120,14,44,59,1.0,10.0,0.62,3.76,1.74,3.05
27,449170,TIGER KOFR금리액티브(합성),5,120,14,44,59,1.0,10.0,0.62,0.0,3.65,0.15
27,423160,KODEX KOFR금리액티브(합성),5,120,14,44,59,1.0,10.0,0.62,0.0,3.32,0.13
27,357870,TIGER CD금리투자KIS(합성),5,120,14,44,59,1.0,10.0,0.62,0.0,2.24,0.23
27,477080,KBSTAR CD금리액티브(합성),5,120,14,44,59,1.0,10.0,0.62,0.0,3.84,0.14
27,477050,ARIRANG 머니마켓액티브,5,120,14,44,59,1.0,10.0,0.62,0.0,4.1,0.22
27,480260,TIGER 27-04회사채(A+이상)액티브,5,120,14,44,59,1.0,10.0,0.62,0.0,9.38,1.19
27,467940,KODEX 25-11 회사채(A+이상)액티브,5,120,14,44,59,1.0,10.0,0.62,0.0,6.88,1.08
27,462540,SOL 25-09 회사채(AA-이상)액티브,5,120,14,44,59,1.0,10.0,0.62,0.0,5.7,1.01
27,278620,ARIRANG 단기채권액티브,5,120,14,44,59,1.0,10.0,0.62,0.0,1.94,0.42
27,464230,히어로즈 24-09 회사채(AA-이상)액티브,5,120,14,44,59,1.0,10.0,0.62,0.0,4.18,0.38
27,454780,히어로즈 종합채권(AA-이상)액티브,5,120,14,44,59,1.0,10.0,0.62,0.0,4.98,4.32
27,190620,ACE 단기통안채,5,120,14,44,59,1.0,10.0,0.62,0.0,1.77,0.13
27,461270,ACE 26-06 회사채(AA-이상)액티브,5,120,14,44,59,1.0,10.0,0.62,0.0,6.29,1.4
27,469820,SOL 24-12 회사채(AA-이상)액티브,5,120,14,44,59,1.0,10.0,0.62,0.0,5.13,0.34
27,438330,TIGER 투자등급회사채액티브,5,120,14,44,59,1.0,10.0,0.62,0.0,6.21,2.23
27,463290,1Q 단기금융채액티브,5,120,14,44,59,1.0,10.0,0.62,0.0,4.58,0.26
27,272560,KBSTAR 단기국공채액티브,5,120,14,44,59,1.0,10.0,0.62,0.0,2.0,0.36
27,464540,KBSTAR 25-03 회사채(AA-이상)액티브,5,120,14,44,59,1.0,10.0,0.62,0.0,4.95,0.55
27,473290,KODEX 26-12 회사채(AA-이상)액티브,5,120,14,44,59,1.0,10.0,0.62,0.0,6.18,1.28
27,448880,ACE 24-12 회사채(AA-이상)액티브,5,120,14,44,59,1.0,10.0,0.62,0.0,6.77,0.92
27,439860,KODEX ESG종합채권(A-이상)액티브,5,120,14,44,59,1.0,10.0,0.62,0.0,5.42,2.08
27,273140,KODEX 단기변동금리부채권액티브,5,120,14,44,59,1.0,10.0,0.62,0.0,1.87,0.25
27,479080,1Q 머니마켓액티브,5,120,14,44,59,1.0,10.0,0.62,0.0,4.64,0.18
27,476450,히어로즈 머니마켓액티브,5,120,14,44,59,1.0,10.0,0.62,0.0,4.26,0.32
27,459580,KODEX CD금리액티브(합성),5,120,14,44,59,1.0,10.0,0.62,0.0,3.81,0.15
27,459580,KODEX CD금리액티브(합성),5,120,14,49,59,1.0,10.0,0.6,0.0,3.81,0.15
27,357870,TIGER CD금리투자KIS(합성),5,120,14,49,59,1.0,10.0,0.6,0.0,2.24,0.23
27,397410,KBSTAR 국채선물5년추종인버스,5,120,14,49,59,1.0,10.0,0.6,0.0,4.11,4.48
27,136340,KBSTAR 중기우량회사채,5,120,14,49,59,1.0,10.0,0.6,14.61,2.91,1.36
27,464240,히어로즈 26-09 회사채(AA-이상)액티브,5,120,14,49,59,1.0,10.0,0.6,0.0,6.91,1.53
27,475270,ACE 5월만기자동연장회사채AA-이상액티브,5,120,14,49,59,1.0,10.0,0.6,0.0,4.37,0.5
27,465780,마이티 26-09 특수채(AAA)액티브,5,120,14,49,59,1.0,10.0,0.6,0.0,7.41,1.64
27,483230,KBSTAR 25-06 은행채(AA+이상)액티브,5,120,14,49,59,1.0,10.0,0.6,0.0,5.93,0.36
27,448600,KBSTAR 25-11 회사채(AA-이상)액티브,5,120,14,49,59,1.0,10.0,0.6,0.0,7.4,1.89
27,419890,히어로즈 단기채권ESG액티브,5,120,14,49,59,1.0,10.0,0.6,0.0,3.59,0.58
27,453010,ARIRANG KOFR금리,5,120,14,49,59,1.0,10.0,0.6,0.0,3.57,0.15
27,461260,ACE 25-06 회사채(AA-이상)액티브,5,120,14,49,59,1.0,10.0,0.6,0.0,5.26,0.97
27,130730,KOSEF 단기자금,5,120,14,49,59,1.0,10.0,0.6,0.0,2.2,0.45
27,282000,KBSTAR 국고채3년선물인버스,5,120,14,49,59,1.0,10.0,0.6,0.32,1.3,2.16
27,468820,WOORI 25-09 회사채(AA-이상)액티브,5,120,14,49,59,1.0,10.0,0.6,0.0,8.41,0.74
27,470320,BNK 24-11 회사채(AA-이상)액티브,5,120,14,49,59,1.0,10.0,0.6,0.0,5.25,0.29
27,466400,1Q 25-08 회사채(A+이상)액티브,5,120,14,49,59,1.0,10.0,0.6,0.0,6.78,0.86
27,472920,HK 종합채권(AA-이상)액티브,5,120,14,49,59,1.0,10.0,0.6,0.0,8.83,3.31
27,458210,히어로즈 CD금리액티브(합성),5,120,14,49,59,1.0,10.0,0.6,0.0,3.67,0.26
27,475260,ACE 2월만기자동연장회사채AA-이상액티브,5,120,14,49,59,1.0,10.0,0.6,0.0,4.6,0.5
27,440640,ACE 단기채권알파액티브,5,120,14,49,59,1.0,10.0,0.6,0.0,3.81,0.34
27,479520,KBSTAR KOFR금리액티브(합성),5,120,14,49,59,1.0,10.0,0.6,0.0,3.69,0.15
27,484890,SOL 머니마켓액티브,5,120,14,49,59,1.0,10.0,0.6,0.0,4.14,0.12
27,122260,KOSEF 통안채1년,5,120,14,49,59,1.0,10.0,0.6,0.0,2.39,1.33
27,423160,KODEX KOFR금리액티브(합성),5,120,14,49,59,1.0,10.0,0.6,0.0,3.32,0.13
27,298340,ARIRANG 국채선물3년,5,120,14,49,59,1.0,10.0,0.6,0.67,1.64,2.08
27,292770,KODEX 국채선물3년인버스,5,120,14,49,59,1.0,10.0,0.6,0.27,1.42,2.17
27,432600,KBSTAR 국채선물3년,5,120,14,49,59,1.0,10.0,0.6,0.0,3.76,3.69
27,430500,KOSEF 물가채KIS,5,120,14,49,59,1.0,10.0,0.6,0.0,6.8,4.65
27,471290,HANARO CD금리액티브(합성),5,120,14,49,59,1.0,10.0,0.6,0.0,3.65,0.18
27,453060,HANARO KOFR금리액티브(합성),5,120,14,49,59,1.0,10.0,0.6,0.0,3.72,0.17
27,114470,KOSEF 국고채3년,5,120,14,49,59,1.0,10.0,0.6,2.52,2.86,1.75
27,272570,KBSTAR 중장기국공채액티브,5,120,14,49,59,1.0,10.0,0.6,2.99,1.75,2.88
27,239660,ARIRANG 우량회사채50 1년,5,120,14,49,59,1.0,10.0,0.6,0.0,1.89,0.52
27,438560,SOL 국고채3년,5,120,14,49,59,1.0,10.0,0.6,0.0,4.29,2.83
27,475280,ACE 8월만기자동연장회사채AA-이상액티브,5,120,14,49,59,1.0,10.0,0.6,0.0,4.02,0.51
27,363510,SOL KIS단기통안채,5,120,14,49,59,1.0,10.0,0.6,0.0,1.95,0.29
27,114100,KBSTAR 국고채3년,5,120,14,49,59,1.0,10.0,0.6,2.32,2.88,1.8
27,336160,KBSTAR 금융채액티브,5,120,14,49,59,1.0,10.0,0.6,14.9,1.94,2.03
27,272910,ACE 중장기국공채액티브,5,120,14,49,59,1.0,10.0,0.6,6.8,1.75,2.49
27,458030,WOORI 단기국공채액티브,5,120,14,49,59,1.0,10.0,0.6,0.0,3.98,0.24
27,385550,KBSTAR 단기종합채권(AA-이상)액티브,5,120,14,49,59,1.0,10.0,0.6,0.0,2.84,0.35
27,390950,HANARO 단기채권액티브,5,120,14,49,59,1.0,10.0,0.6,0.0,2.34,0.27
27,473440,ACE 11월만기자동연장회사채AA-이상액티브,5,120,14,49,59,1.0,10.0,0.6,0.0,4.59,1.79
27,467940,KODEX 25-11 회사채(A+이상)액티브,5,120,14,49,59,1.0,10.0,0.6,0.0,6.88,1.08
27,469830,SOL 초단기채권액티브,5,120,14,49,59,1.0,10.0,0.6,0.0,4.6,0.21
27,477080,KBSTAR CD금리액티브(합성),5,120,14,49,59,1.0,10.0,0.6,0.0,3.84,0.14
27,196230,KBSTAR 단기통안채,5,120,14,49,59,1.0,10.0,0.6,0.0,1.78,0.21
27,451540,TIGER 종합채권(AA-이상)액티브,5,120,14,49,59,1.0,10.0,0.6,0.0,5.14,4.07
27,272580,TIGER 단기채권액티브,5,120,14,49,59,1.0,10.0,0.6,0.0,1.91,0.22
27,153130,KODEX 단기채권,5,120,14,49,59,1.0,10.0,0.6,0.0,1.93,0.34
27,447820,TIGER 24-10 회사채(A+이상)액티브,5,120,14,49,59,1.0,10.0,0.6,0.0,6.36,1.2
27,476810,KODEX 25-11 은행채(AA-이상)PLUS액티브,5,120,14,49,59,1.0,10.0,0.6,0.0,5.99,0.85
27,453540,TIGER 25-10 회사채(A+이상)액티브,5,120,14,49,59,1.0,10.0,0.6,0.0,4.65,1.46
27,481050,KODEX 1년은행양도성예금증서+액티브(합성),5,120,14,49,59,1.0,10.0,0.6,0.0,3.95,0.15
27,475630,TIGER CD1년금리액티브(합성),5,120,14,49,59,1.0,10.0,0.6,0.0,3.84,0.14
27,214980,KODEX 단기채권PLUS,5,120,14,49,59,1.0,10.0,0.6,0.0,1.81,0.18
27,455890,KBSTAR 머니마켓액티브,5,120,14,49,59,1.0,10.0,0.6,0.0,4.41,0.24
27,470260,TIGER 24-12 금융채(AA-이상),5,120,14,49,59,1.0,10.0,0.6,0.0,4.94,0.35
27,465680,KODEX 24-12 은행채(AA+이상)액티브,5,120,14,49,59,1.0,10.0,0.6,0.0,4.34,0.59
27,273130,KODEX 종합채권(AA-이상)액티브,5,120,14,49,59,1.0,10.0,0.6,3.76,1.74,3.05
27,480260,TIGER 27-04회사채(A+이상)액티브,5,120,14,49,59,1.0,10.0,0.6,0.0,9.38,1.19
27,477050,ARIRANG 머니마켓액티브,5,120,14,49,59,1.0,10.0,0.6,0.0,4.1,0.22
27,449170,TIGER KOFR금리액티브(합성),5,120,14,49,59,1.0,10.0,0.6,0.0,3.65,0.15
27,451000,ARIRANG 종합채권(AA-이상)액티브,5,120,14,49,59,1.0,10.0,0.6,0.0,5.79,4.81
27,438330,TIGER 투자등급회사채액티브,5,120,14,49,59,1.0,10.0,0.6,0.0,6.21,2.23
27,476450,히어로즈 머니마켓액티브,5,120,14,49,59,1.0,10.0,0.6,0.0,4.26,0.32
27,278620,ARIRANG 단기채권액티브,5,120,14,49,59,1.0,10.0,0.6,0.0,1.94,0.42
27,464230,히어로즈 24-09 회사채(AA-이상)액티브,5,120,14,49,59,1.0,10.0,0.6,0.0,4.18,0.38
27,454780,히어로즈 종합채권(AA-이상)액티브,5,120,14,49,59,1.0,10.0,0.6,0.0,4.98,4.32
27,190620,ACE 단기통안채,5,120,14,49,59,1.0,10.0,0.6,0.0,1.77,0.13
27,461270,ACE 26-06 회사채(AA-이상)액티브,5,120,14,49,59,1.0,10.0,0.6,0.0,6.29,1.4
27,469820,SOL 24-12 회사채(AA-이상)액티브,5,120,14,49,59,1.0,10.0,0.6,0.0,5.13,0.34
27,462540,SOL 25-09 회사채(AA-이상)액티브,5,120,14,49,59,1.0,10.0,0.6,0.0,5.7,1.01
27,463290,1Q 단기금융채액티브,5,120,14,49,59,1.0,10.0,0.6,0.0,4.58,0.26
27,464540,KBSTAR 25-03 회사채(AA-이상)액티브,5,120,14,49,59,1.0,10.0,0.6,0.0,4.95,0.55
27,473290,KODEX 26-12 회사채(AA-이상)액티브,5,120,14,49,59,1.0,10.0,0.6,0.0,6.18,1.28
27,448880,ACE 24-12 회사채(AA-이상)액티브,5,120,14,49,59,1.0,10.0,0.6,0.0,6.77,0.92
27,439860,KODEX ESG종합채권(A-이상)액티브,5,120,14,49,59,1.0,10.0,0.6,0.0,5.42,2.08
27,273140,KODEX 단기변동금리부채권액티브,5,120,14,49,59,1.0,10.0,0.6,0.0,1.87,0.25
27,272560,KBSTAR 단기국공채액티브,5,120,14,49,59,1.0,10.0,0.6,0.0,2.0,0.36
27,479080,1Q 머니마켓액티브,5,120,14,49,59,1.0,10.0,0.6,0.0,4.64,0.18
27,461260,ACE 25-06 회사채(AA-이상)액티브,5,120,14,44,74,1.0,10.0,0.48,0.0,5.26,0.97
27,464240,히어로즈 26-09 회사채(AA-이상)액티브,5,120,14,44,74,1.0,10.0,0.48,0.0,6.91,1.53
27,475270,ACE 5월만기자동연장회사채AA-이상액티브,5,120,14,44,74,1.0,10.0,0.48,0.0,4.37,0.5
27,465780,마이티 26-09 특수채(AAA)액티브,5,120,14,44,74,1.0,10.0,0.48,0.0,7.41,1.64
27,483230,KBSTAR 25-06 은행채(AA+이상)액티브,5,120,14,44,74,1.0,10.0,0.48,0.0,5.93,0.36
27,448600,KBSTAR 25-11 회사채(AA-이상)액티브,5,120,14,44,74,1.0,10.0,0.48,0.0,7.4,1.89
27,419890,히어로즈 단기채권ESG액티브,5,120,14,44,74,1.0,10.0,0.48,0.0,3.59,0.58
27,453010,ARIRANG KOFR금리,5,120,14,44,74,1.0,10.0,0.48,0.0,3.57,0.15
27,468820,WOORI 25-09 회사채(AA-이상)액티브,5,120,14,44,74,1.0,10.0,0.48,0.0,8.41,0.74
27,130730,KOSEF 단기자금,5,120,14,44,74,1.0,10.0,0.48,0.0,2.2,0.45
27,282000,KBSTAR 국고채3년선물인버스,5,120,14,44,74,1.0,10.0,0.48,1.31,1.3,2.16
27,470320,BNK 24-11 회사채(AA-이상)액티브,5,120,14,44,74,1.0,10.0,0.48,0.0,5.25,0.29
27,466400,1Q 25-08 회사채(A+이상)액티브,5,120,14,44,74,1.0,10.0,0.48,0.0,6.78,0.86
27,472920,HK 종합채권(AA-이상)액티브,5,120,14,44,74,1.0,10.0,0.48,0.0,8.83,3.31
27,458210,히어로즈 CD금리액티브(합성),5,120,14,44,74,1.0,10.0,0.48,0.0,3.67,0.26
27,136340,KBSTAR 중기우량회사채,5,120,14,44,74,1.0,10.0,0.48,7.15,2.91,1.36
27,385550,KBSTAR 단기종합채권(AA-이상)액티브,5,120,14,44,74,1.0,10.0,0.48,0.0,2.84,0.35
27,475260,ACE 2월만기자동연장회사채AA-이상액티브,5,120,14,44,74,1.0,10.0,0.48,0.0,4.6,0.5
27,363510,SOL KIS단기통안채,5,120,14,44,74,1.0,10.0,0.48,0.0,1.95,0.29
27,440640,ACE 단기채권알파액티브,5,120,14,44,74,1.0,10.0,0.48,0.0,3.81,0.34
27,397410,KBSTAR 국채선물5년추종인버스,5,120,14,44,74,1.0,10.0,0.48,0.0,4.11,4.48
27,298340,ARIRANG 국채선물3년,5,120,14,44,74,1.0,10.0,0.48,2.73,1.64,2.08
27,484890,SOL 머니마켓액티브,5,120,14,44,74,1.0,10.0,0.48,0.0,4.14,0.12
27,432600,KBSTAR 국채선물3년,5,120,14,44,74,1.0,10.0,0.48,0.0,3.76,3.69
27,430500,KOSEF 물가채KIS,5,120,14,44,74,1.0,10.0,0.48,0.0,6.8,4.65
27,471290,HANARO CD금리액티브(합성),5,120,14,44,74,1.0,10.0,0.48,0.0,3.65,0.18
27,453060,HANARO KOFR금리액티브(합성),5,120,14,44,74,1.0,10.0,0.48,0.0,3.72,0.17
27,114470,KOSEF 국고채3년,5,120,14,44,74,1.0,10.0,0.48,3.3,2.86,1.75
27,272570,KBSTAR 중장기국공채액티브,5,120,14,44,74,1.0,10.0,0.48,3.26,1.75,2.88
27,239660,ARIRANG 우량회사채50 1년,5,120,14,44,74,1.0,10.0,0.48,0.0,1.89,0.52
27,438560,SOL 국고채3년,5,120,14,44,74,1.0,10.0,0.48,0.0,4.29,2.83
27,475280,ACE 8월만기자동연장회사채AA-이상액티브,5,120,14,44,74,1.0,10.0,0.48,0.0,4.02,0.51
27,114100,KBSTAR 국고채3년,5,120,14,44,74,1.0,10.0,0.48,3.19,2.88,1.8
27,336160,KBSTAR 금융채액티브,5,120,14,44,74,1.0,10.0,0.48,6.7,1.94,2.03
27,272910,ACE 중장기국공채액티브,5,120,14,44,74,1.0,10.0,0.48,6.08,1.75,2.49
27,458030,WOORI 단기국공채액티브,5,120,14,44,74,1.0,10.0,0.48,0.0,3.98,0.24
27,122260,KOSEF 통안채1년,5,120,14,44,74,1.0,10.0,0.48,0.0,2.39,1.33
27,479520,KBSTAR KOFR금리액티브(합성),5,120,14,44,74,1.0,10.0,0.48,0.0,3.69,0.15
27,292770,KODEX 국채선물3년인버스,5,120,14,44,74,1.0,10.0,0.48,1.55,1.42,2.17
27,476450,히어로즈 머니마켓액티브,5,120,14,44,74,1.0,10.0,0.48,0.0,4.26,0.32
27,473440,ACE 11월만기자동연장회사채AA-이상액티브,5,120,14,44,74,1.0,10.0,0.48,0.0,4.59,1.79
27,480260,TIGER 27-04회사채(A+이상)액티브,5,120,14,44,74,1.0,10.0,0.48,0.0,9.38,1.19
27,477080,KBSTAR CD금리액티브(합성),5,120,14,44,74,1.0,10.0,0.48,0.0,3.84,0.14
27,196230,KBSTAR 단기통안채,5,120,14,44,74,1.0,10.0,0.48,0.0,1.78,0.21
27,451540,TIGER 종합채권(AA-이상)액티브,5,120,14,44,74,1.0,10.0,0.48,0.0,5.14,4.07
27,272580,TIGER 단기채권액티브,5,120,14,44,74,1.0,10.0,0.48,0.0,1.91,0.22
27,153130,KODEX 단기채권,5,120,14,44,74,1.0,10.0,0.48,0.0,1.93,0.34
27,447820,TIGER 24-10 회사채(A+이상)액티브,5,120,14,44,74,1.0,10.0,0.48,0.0,6.36,1.2
27,476810,KODEX 25-11 은행채(AA-이상)PLUS액티브,5,120,14,44,74,1.0,10.0,0.48,0.0,5.99,0.85
27,453540,TIGER 25-10 회사채(A+이상)액티브,5,120,14,44,74,1.0,10.0,0.48,0.0,4.65,1.46
27,481050,KODEX 1년은행양도성예금증서+액티브(합성),5,120,14,44,74,1.0,10.0,0.48,0.0,3.95,0.15
27,475630,TIGER CD1년금리액티브(합성),5,120,14,44,74,1.0,10.0,0.48,0.0,3.84,0.14
27,214980,KODEX 단기채권PLUS,5,120,14,44,74,1.0,10.0,0.48,0.0,1.81,0.18
27,455890,KBSTAR 머니마켓액티브,5,120,14,44,74,1.0,10.0,0.48,0.0,4.41,0.24
27,470260,TIGER 24-12 금융채(AA-이상),5,120,14,44,74,1.0,10.0,0.48,0.0,4.94,0.35
27,465680,KODEX 24-12 은행채(AA+이상)액티브,5,120,14,44,74,1.0,10.0,0.48,0.0,4.34,0.59
27,273130,KODEX 종합채권(AA-이상)액티브,5,120,14,44,74,1.0,10.0,0.48,4.17,1.74,3.05
27,449170,TIGER KOFR금리액티브(합성),5,120,14,44,74,1.0,10.0,0.48,0.0,3.65,0.15
27,459580,KODEX CD금리액티브(합성),5,120,14,44,79,1.0,10.0,0.48,0.0,3.81,0.15
27,469830,SOL 초단기채권액티브,5,120,14,44,74,1.0,10.0,0.48,0.0,4.6,0.21
27,477050,ARIRANG 머니마켓액티브,5,120,14,44,74,1.0,10.0,0.48,0.0,4.1,0.22
27,467940,KODEX 25-11 회사채(A+이상)액티브,5,120,14,44,74,1.0,10.0,0.48,0.0,6.88,1.08
27,438330,TIGER 투자등급회사채액티브,5,120,14,44,74,1.0,10.0,0.48,0.0,6.21,2.23
27,462540,SOL 25-09 회사채(AA-이상)액티브,5,120,14,44,74,1.0,10.0,0.48,0.0,5.7,1.01
27,278620,ARIRANG 단기채권액티브,5,120,14,44,74,1.0,10.0,0.48,0.0,1.94,0.42
27,464230,히어로즈 24-09 회사채(AA-이상)액티브,5,120,14,44,74,1.0,10.0,0.48,0.0,4.18,0.38
27,454780,히어로즈 종합채권(AA-이상)액티브,5,120,14,44,74,1.0,10.0,0.48,0.0,4.98,4.32
27,190620,ACE 단기통안채,5,120,14,44,74,1.0,10.0,0.48,0.0,1.77,0.13
27,461270,ACE 26-06 회사채(AA-이상)액티브,5,120,14,44,74,1.0,10.0,0.48,0.0,6.29,1.4
27,469820,SOL 24-12 회사채(AA-이상)액티브,5,120,14,44,74,1.0,10.0,0.48,0.0,5.13,0.34
27,463290,1Q 단기금융채액티브,5,120,14,44,74,1.0,10.0,0.48,0.0,4.58,0.26
27,451000,ARIRANG 종합채권(AA-이상)액티브,5,120,14,44,74,1.0,10.0,0.48,0.0,5.79,4.81
27,272560,KBSTAR 단기국공채액티브,5,120,14,44,74,1.0,10.0,0.48,0.0,2.0,0.36
27,464540,KBSTAR 25-03 회사채(AA-이상)액티브,5,120,14,44,74,1.0,10.0,0.48,0.0,4.95,0.55
27,473290,KODEX 26-12 회사채(AA-이상)액티브,5,120,14,44,74,1.0,10.0,0.48,0.0,6.18,1.28
27,448880,ACE 24-12 회사채(AA-이상)액티브,5,120,14,44,74,1.0,10.0,0.48,0.0,6.77,0.92
27,439860,KODEX ESG종합채권(A-이상)액티브,5,120,14,44,74,1.0,10.0,0.48,0.0,5.42,2.08
27,273140,KODEX 단기변동금리부채권액티브,5,120,14,44,74,1.0,10.0,0.48,0.0,1.87,0.25
27,479080,1Q 머니마켓액티브,5,120,14,44,74,1.0,10.0,0.48,0.0,4.64,0.18
27,390950,HANARO 단기채권액티브,5,120,14,44,74,1.0,10.0,0.48,0.0,2.34,0.27
27,480260,TIGER 27-04회사채(A+이상)액티브,5,120,14,44,79,1.0,10.0,0.48,0.0,9.38,1.19
27,357870,TIGER CD금리투자KIS(합성),5,120,14,44,79,1.0,10.0,0.48,0.0,2.24,0.23
27,397410,KBSTAR 국채선물5년추종인버스,5,120,14,44,79,1.0,10.0,0.48,0.0,4.11,4.48
27,136340,KBSTAR 중기우량회사채,5,120,14,44,79,1.0,10.0,0.48,6.75,2.91,1.36
27,464240,히어로즈 26-09 회사채(AA-이상)액티브,5,120,14,44,79,1.0,10.0,0.48,0.0,6.91,1.53
27,475270,ACE 5월만기자동연장회사채AA-이상액티브,5,120,14,44,79,1.0,10.0,0.48,0.0,4.37,0.5
27,465780,마이티 26-09 특수채(AAA)액티브,5,120,14,44,79,1.0,10.0,0.48,0.0,7.41,1.64
27,483230,KBSTAR 25-06 은행채(AA+이상)액티브,5,120,14,44,79,1.0,10.0,0.48,0.0,5.93,0.36
27,448600,KBSTAR 25-11 회사채(AA-이상)액티브,5,120,14,44,79,1.0,10.0,0.48,0.0,7.4,1.89
27,419890,히어로즈 단기채권ESG액티브,5,120,14,44,79,1.0,10.0,0.48,0.0,3.59,0.58
27,453010,ARIRANG KOFR금리,5,120,14,44,79,1.0,10.0,0.48,0.0,3.57,0.15
27,461260,ACE 25-06 회사채(AA-이상)액티브,5,120,14,44,79,1.0,10.0,0.48,0.0,5.26,0.97
27,130730,KOSEF 단기자금,5,120,14,44,79,1.0,10.0,0.48,0.0,2.2,0.45
27,282000,KBSTAR 국고채3년선물인버스,5,120,14,44,79,1.0,10.0,0.48,1.63,1.3,2.16
27,468820,WOORI 25-09 회사채(AA-이상)액티브,5,120,14,44,79,1.0,10.0,0.48,0.0,8.41,0.74
27,470320,BNK 24-11 회사채(AA-이상)액티브,5,120,14,44,79,1.0,10.0,0.48,0.0,5.25,0.29
27,466400,1Q 25-08 회사채(A+이상)액티브,5,120,14,44,79,1.0,10.0,0.48,0.0,6.78,0.86
27,472920,HK 종합채권(AA-이상)액티브,5,120,14,44,79,1.0,10.0,0.48,0.0,8.83,3.31
27,458210,히어로즈 CD금리액티브(합성),5,120,14,44,79,1.0,10.0,0.48,0.0,3.67,0.26
27,475260,ACE 2월만기자동연장회사채AA-이상액티브,5,120,14,44,79,1.0,10.0,0.48,0.0,4.6,0.5
27,440640,ACE 단기채권알파액티브,5,120,14,44,79,1.0,10.0,0.48,0.0,3.81,0.34
27,479520,KBSTAR KOFR금리액티브(합성),5,120,14,44,79,1.0,10.0,0.48,0.0,3.69,0.15
27,423160,KODEX KOFR금리액티브(합성),5,120,14,44,79,1.0,10.0,0.48,0.0,3.32,0.13
27,122260,KOSEF 통안채1년,5,120,14,44,79,1.0,10.0,0.48,0.0,2.39,1.33
27,390950,HANARO 단기채권액티브,5,120,14,44,79,1.0,10.0,0.48,0.0,2.34,0.27
27,298340,ARIRANG 국채선물3년,5,120,14,44,79,1.0,10.0,0.48,2.73,1.64,2.08
27,292770,KODEX 국채선물3년인버스,5,120,14,44,79,1.0,10.0,0.48,1.76,1.42,2.17
27,432600,KBSTAR 국채선물3년,5,120,14,44,79,1.0,10.0,0.48,0.0,3.76,3.69
27,430500,KOSEF 물가채KIS,5,120,14,44,79,1.0,10.0,0.48,0.0,6.8,4.65
27,471290,HANARO CD금리액티브(합성),5,120,14,44,79,1.0,10.0,0.48,0.0,3.65,0.18
27,453060,HANARO KOFR금리액티브(합성),5,120,14,44,79,1.0,10.0,0.48,0.0,3.72,0.17
27,114470,KOSEF 국고채3년,5,120,14,44,79,1.0,10.0,0.48,3.3,2.86,1.75
27,272570,KBSTAR 중장기국공채액티브,5,120,14,44,79,1.0,10.0,0.48,3.26,1.75,2.88
27,239660,ARIRANG 우량회사채50 1년,5,120,14,44,79,1.0,10.0,0.48,0.0,1.89,0.52
27,438560,SOL 국고채3년,5,120,14,44,79,1.0,10.0,0.48,0.0,4.29,2.83
27,475280,ACE 8월만기자동연장회사채AA-이상액티브,5,120,14,44,79,1.0,10.0,0.48,0.0,4.02,0.51
27,363510,SOL KIS단기통안채,5,120,14,44,79,1.0,10.0,0.48,0.0,1.95,0.29
27,114100,KBSTAR 국고채3년,5,120,14,44,79,1.0,10.0,0.48,3.19,2.88,1.8
27,336160,KBSTAR 금융채액티브,5,120,14,44,79,1.0,10.0,0.48,6.36,1.94,2.03
27,272910,ACE 중장기국공채액티브,5,120,14,44,79,1.0,10.0,0.48,6.08,1.75,2.49
27,458030,WOORI 단기국공채액티브,5,120,14,44,79,1.0,10.0,0.48,0.0,3.98,0.24
27,385550,KBSTAR 단기종합채권(AA-이상)액티브,5,120,14,44,79,1.0,10.0,0.48,0.0,2.84,0.35
27,484890,SOL 머니마켓액티브,5,120,14,44,79,1.0,10.0,0.48,0.0,4.14,0.12
27,473440,ACE 11월만기자동연장회사채AA-이상액티브,5,120,14,44,79,1.0,10.0,0.48,0.0,4.59,1.79
27,357870,TIGER CD금리투자KIS(합성),5,120,14,44,74,1.0,10.0,0.48,0.0,2.24,0.23
27,469830,SOL 초단기채권액티브,5,120,14,44,79,1.0,10.0,0.48,0.0,4.6,0.21
27,477080,KBSTAR CD금리액티브(합성),5,120,14,44,79,1.0,10.0,0.48,0.0,3.84,0.14
27,196230,KBSTAR 단기통안채,5,120,14,44,79,1.0,10.0,0.48,0.0,1.78,0.21
27,451540,TIGER 종합채권(AA-이상)액티브,5,120,14,44,79,1.0,10.0,0.48,0.0,5.14,4.07
27,272580,TIGER 단기채권액티브,5,120,14,44,79,1.0,10.0,0.48,0.0,1.91,0.22
27,153130,KODEX 단기채권,5,120,14,44,79,1.0,10.0,0.48,0.0,1.93,0.34
27,447820,TIGER 24-10 회사채(A+이상)액티브,5,120,14,44,79,1.0,10.0,0.48,0.0,6.36,1.2
27,476810,KODEX 25-11 은행채(AA-이상)PLUS액티브,5,120,14,44,79,1.0,10.0,0.48,0.0,5.99,0.85
27,453540,TIGER 25-10 회사채(A+이상)액티브,5,120,14,44,79,1.0,10.0,0.48,0.0,4.65,1.46
27,481050,KODEX 1년은행양도성예금증서+액티브(합성),5,120,14,44,79,1.0,10.0,0.48,0.0,3.95,0.15
27,475630,TIGER CD1년금리액티브(합성),5,120,14,44,79,1.0,10.0,0.48,0.0,3.84,0.14
27,214980,KODEX 단기채권PLUS,5,120,14,44,79,1.0,10.0,0.48,0.0,1.81,0.18
27,455890,KBSTAR 머니마켓액티브,5,120,14,44,79,1.0,10.0,0.48,0.0,4.41,0.24
27,470260,TIGER 24-12 금융채(AA-이상),5,120,14,44,79,1.0,10.0,0.48,0.0,4.94,0.35
27,465680,KODEX 24-12 은행채(AA+이상)액티브,5,120,14,44,79,1.0,10.0,0.48,0.0,4.34,0.59
27,273130,KODEX 종합채권(AA-이상)액티브,5,120,14,44,79,1.0,10.0,0.48,4.17,1.74,3.05
27,449170,TIGER KOFR금리액티브(합성),5,120,14,44,79,1.0,10.0,0.48,0.0,3.65,0.15
27,477050,ARIRANG 머니마켓액티브,5,120,14,44,79,1.0,10.0,0.48,0.0,4.1,0.22
27,467940,KODEX 25-11 회사채(A+이상)액티브,5,120,14,44,79,1.0,10.0,0.48,0.0,6.88,1.08
27,451000,ARIRANG 종합채권(AA-이상)액티브,5,120,14,44,79,1.0,10.0,0.48,0.0,5.79,4.81
27,438330,TIGER 투자등급회사채액티브,5,120,14,44,79,1.0,10.0,0.48,0.0,6.21,2.23
27,462540,SOL 25-09 회사채(AA-이상)액티브,5,120,14,44,79,1.0,10.0,0.48,0.0,5.7,1.01
27,278620,ARIRANG 단기채권액티브,5,120,14,44,79,1.0,10.0,0.48,0.0,1.94,0.42
27,464230,히어로즈 24-09 회사채(AA-이상)액티브,5,120,14,44,79,1.0,10.0,0.48,0.0,4.18,0.38
27,454780,히어로즈 종합채권(AA-이상)액티브,5,120,14,44,79,1.0,10.0,0.48,0.0,4.98,4.32
27,190620,ACE 단기통안채,5,120,14,44,79,1.0,10.0,0.48,0.0,1.77,0.13
27,461270,ACE 26-06 회사채(AA-이상)액티브,5,120,14,44,79,1.0,10.0,0.48,0.0,6.29,1.4
27,469820,SOL 24-12 회사채(AA-이상)액티브,5,120,14,44,79,1.0,10.0,0.48,0.0,5.13,0.34
27,463290,1Q 단기금융채액티브,5,120,14,44,79,1.0,10.0,0.48,0.0,4.58,0.26
27,476450,히어로즈 머니마켓액티브,5,120,14,44,79,1.0,10.0,0.48,0.0,4.26,0.32
27,272560,KBSTAR 단기국공채액티브,5,120,14,44,79,1.0,10.0,0.48,0.0,2.0,0.36
27,464540,KBSTAR 25-03 회사채(AA-이상)액티브,5,120,14,44,79,1.0,10.0,0.48,0.0,4.95,0.55
27,473290,KODEX 26-12 회사채(AA-이상)액티브,5,120,14,44,79,1.0,10.0,0.48,0.0,6.18,1.28
27,448880,ACE 24-12 회사채(AA-이상)액티브,5,120,14,44,79,1.0,10.0,0.48,0.0,6.77,0.92
27,439860,KODEX ESG종합채권(A-이상)액티브,5,120,14,44,79,1.0,10.0,0.48,0.0,5.42,2.08
27,273140,KODEX 단기변동금리부채권액티브,5,120,14,44,79,1.0,10.0,0.48,0.0,1.87,0.25
27,479080,1Q 머니마켓액티브,5,120,14,44,79,1.0,10.0,0.48,0.0,4.64,0.18
27,423160,KODEX KOFR금리액티브(합성),5,120,14,44,74,1.0,10.0,0.48,0.0,3.32,0.13
27,473440,ACE 11월만기자동연장회사채AA-이상액티브,5,120,14,39,79,1.0,10.0,0.48,0.0,4.59,1.79
27,459580,KODEX CD금리액티브(합성),5,120,14,44,74,1.0,10.0,0.48,0.0,3.81,0.15
27,464240,히어로즈 26-09 회사채(AA-이상)액티브,5,120,14,39,74,1.0,10.0,0.48,0.0,6.91,1.53
27,465780,마이티 26-09 특수채(AAA)액티브,5,120,14,39,74,1.0,10.0,0.48,0.0,7.41,1.64
27,483230,KBSTAR 25-06 은행채(AA+이상)액티브,5,120,14,39,74,1.0,10.0,0.48,0.0,5.93,0.36
27,448600,KBSTAR 25-11 회사채(AA-이상)액티브,5,120,14,39,74,1.0,10.0,0.48,0.0,7.4,1.89
27,419890,히어로즈 단기채권ESG액티브,5,120,14,39,74,1.0,10.0,0.48,0.0,3.59,0.58
27,453010,ARIRANG KOFR금리,5,120,14,39,74,1.0,10.0,0.48,0.0,3.57,0.15
27,461260,ACE 25-06 회사채(AA-이상)액티브,5,120,14,39,74,1.0,10.0,0.48,0.0,5.26,0.97
27,130730,KOSEF 단기자금,5,120,14,39,74,1.0,10.0,0.48,0.0,2.2,0.45
27,282000,KBSTAR 국고채3년선물인버스,5,120,14,39,74,1.0,10.0,0.48,1.59,1.3,2.16
27,468820,WOORI 25-09 회사채(AA-이상)액티브,5,120,14,39,74,1.0,10.0,0.48,0.0,8.41,0.74
27,470320,BNK 24-11 회사채(AA-이상)액티브,5,120,14,39,74,1.0,10.0,0.48,0.0,5.25,0.29
27,466400,1Q 25-08 회사채(A+이상)액티브,5,120,14,39,74,1.0,10.0,0.48,0.0,6.78,0.86
27,472920,HK 종합채권(AA-이상)액티브,5,120,14,39,74,1.0,10.0,0.48,0.0,8.83,3.31
27,458210,히어로즈 CD금리액티브(합성),5,120,14,39,74,1.0,10.0,0.48,0.0,3.67,0.26
27,475260,ACE 2월만기자동연장회사채AA-이상액티브,5,120,14,39,74,1.0,10.0,0.48,0.0,4.6,0.5
27,385550,KBSTAR 단기종합채권(AA-이상)액티브,5,120,14,39,74,1.0,10.0,0.48,0.0,2.84,0.35
27,484890,SOL 머니마켓액티브,5,120,14,39,74,1.0,10.0,0.48,0.0,4.14,0.12
27,473440,ACE 11월만기자동연장회사채AA-이상액티브,5,120,14,39,74,1.0,10.0,0.48,0.0,4.59,1.79
27,475270,ACE 5월만기자동연장회사채AA-이상액티브,5,120,14,39,74,1.0,10.0,0.48,0.0,4.37,0.5
27,136340,KBSTAR 중기우량회사채,5,120,14,39,74,1.0,10.0,0.48,7.15,2.91,1.36
27,298340,ARIRANG 국채선물3년,5,120,14,39,79,1.0,10.0,0.48,2.73,1.64,2.08
27,440640,ACE 단기채권알파액티브,5,120,14,39,74,1.0,10.0,0.48,0.0,3.81,0.34
27,432600,KBSTAR 국채선물3년,5,120,14,39,74,1.0,10.0,0.48,0.0,3.76,3.69
27,430500,KOSEF 물가채KIS,5,120,14,39,74,1.0,10.0,0.48,0.0,6.8,4.65
27,471290,HANARO CD금리액티브(합성),5,120,14,39,74,1.0,10.0,0.48,0.0,3.65,0.18
27,453060,HANARO KOFR금리액티브(합성),5,120,14,39,74,1.0,10.0,0.48,0.0,3.72,0.17
27,114470,KOSEF 국고채3년,5,120,14,39,74,1.0,10.0,0.48,3.3,2.86,1.75
27,272570,KBSTAR 중장기국공채액티브,5,120,14,39,74,1.0,10.0,0.48,3.26,1.75,2.88
27,239660,ARIRANG 우량회사채50 1년,5,120,14,39,74,1.0,10.0,0.48,0.0,1.89,0.52
27,438560,SOL 국고채3년,5,120,14,39,74,1.0,10.0,0.48,0.0,4.29,2.83
27,475280,ACE 8월만기자동연장회사채AA-이상액티브,5,120,14,39,74,1.0,10.0,0.48,0.0,4.02,0.51
27,363510,SOL KIS단기통안채,5,120,14,39,74,1.0,10.0,0.48,0.0,1.95,0.29
27,114100,KBSTAR 국고채3년,5,120,14,39,74,1.0,10.0,0.48,3.19,2.88,1.8
27,336160,KBSTAR 금융채액티브,5,120,14,39,74,1.0,10.0,0.48,6.7,1.94,2.03
27,272910,ACE 중장기국공채액티브,5,120,14,39,74,1.0,10.0,0.48,6.08,1.75,2.49
27,458030,WOORI 단기국공채액티브,5,120,14,39,74,1.0,10.0,0.48,0.0,3.98,0.24
27,122260,KOSEF 통안채1년,5,120,14,39,74,1.0,10.0,0.48,0.0,2.39,1.33
27,479520,KBSTAR KOFR금리액티브(합성),5,120,14,39,74,1.0,10.0,0.48,0.0,3.69,0.15
27,397410,KBSTAR 국채선물5년추종인버스,5,120,14,39,74,1.0,10.0,0.48,0.0,4.11,4.48
27,480260,TIGER 27-04회사채(A+이상)액티브,5,120,14,39,74,1.0,10.0,0.48,0.0,9.38,1.19
27,462540,SOL 25-09 회사채(AA-이상)액티브,5,120,14,39,74,1.0,10.0,0.48,0.0,5.7,1.01
27,278620,ARIRANG 단기채권액티브,5,120,14,39,74,1.0,10.0,0.48,0.0,1.94,0.42
27,464230,히어로즈 24-09 회사채(AA-이상)액티브,5,120,14,39,74,1.0,10.0,0.48,0.0,4.18,0.38
27,451540,TIGER 종합채권(AA-이상)액티브,5,120,14,39,74,1.0,10.0,0.48,0.0,5.14,4.07
27,272580,TIGER 단기채권액티브,5,120,14,39,74,1.0,10.0,0.48,0.0,1.91,0.22
27,153130,KODEX 단기채권,5,120,14,39,74,1.0,10.0,0.48,0.0,1.93,0.34
27,447820,TIGER 24-10 회사채(A+이상)액티브,5,120,14,39,74,1.0,10.0,0.48,0.0,6.36,1.2
27,476810,KODEX 25-11 은행채(AA-이상)PLUS액티브,5,120,14,39,74,1.0,10.0,0.48,0.0,5.99,0.85
27,453540,TIGER 25-10 회사채(A+이상)액티브,5,120,14,39,74,1.0,10.0,0.48,0.0,4.65,1.46
27,481050,KODEX 1년은행양도성예금증서+액티브(합성),5,120,14,39,74,1.0,10.0,0.48,0.0,3.95,0.15
27,475630,TIGER CD1년금리액티브(합성),5,120,14,39,74,1.0,10.0,0.48,0.0,3.84,0.14
27,214980,KODEX 단기채권PLUS,5,120,14,39,74,1.0,10.0,0.48,0.0,1.81,0.18
27,455890,KBSTAR 머니마켓액티브,5,120,14,39,74,1.0,10.0,0.48,0.0,4.41,0.24
27,470260,TIGER 24-12 금융채(AA-이상),5,120,14,39,74,1.0,10.0,0.48,0.0,4.94,0.35
27,465680,KODEX 24-12 은행채(AA+이상)액티브,5,120,14,39,74,1.0,10.0,0.48,0.0,4.34,0.59
27,273130,KODEX 종합채권(AA-이상)액티브,5,120,14,39,74,1.0,10.0,0.48,4.17,1.74,3.05
27,449170,TIGER KOFR금리액티브(합성),5,120,14,39,74,1.0,10.0,0.48,0.0,3.65,0.15
27,423160,KODEX KOFR금리액티브(합성),5,120,14,39,74,1.0,10.0,0.48,0.0,3.32,0.13
27,357870,TIGER CD금리투자KIS(합성),5,120,14,39,74,1.0,10.0,0.48,0.0,2.24,0.23
27,459580,KODEX CD금리액티브(합성),5,120,14,39,74,1.0,10.0,0.48,0.0,3.81,0.15
27,196230,KBSTAR 단기통안채,5,120,14,39,74,1.0,10.0,0.48,0.0,1.78,0.21
27,477080,KBSTAR CD금리액티브(합성),5,120,14,39,74,1.0,10.0,0.48,0.0,3.84,0.14
27,469830,SOL 초단기채권액티브,5,120,14,39,74,1.0,10.0,0.48,0.0,4.6,0.21
27,464540,KBSTAR 25-03 회사채(AA-이상)액티브,5,120,14,39,74,1.0,10.0,0.48,0.0,4.95,0.55
27,454780,히어로즈 종합채권(AA-이상)액티브,5,120,14,39,74,1.0,10.0,0.48,0.0,4.98,4.32
27,190620,ACE 단기통안채,5,120,14,39,74,1.0,10.0,0.48,0.0,1.77,0.13
27,461270,ACE 26-06 회사채(AA-이상)액티브,5,120,14,39,74,1.0,10.0,0.48,0.0,6.29,1.4
27,469820,SOL 24-12 회사채(AA-이상)액티브,5,120,14,39,74,1.0,10.0,0.48,0.0,5.13,0.34
27,438330,TIGER 투자등급회사채액티브,5,120,14,39,74,1.0,10.0,0.48,0.0,6.21,2.23
27,463290,1Q 단기금융채액티브,5,120,14,39,74,1.0,10.0,0.48,0.0,4.58,0.26
27,272560,KBSTAR 단기국공채액티브,5,120,14,39,74,1.0,10.0,0.48,0.0,2.0,0.36
27,473290,KODEX 26-12 회사채(AA-이상)액티브,5,120,14,39,74,1.0,10.0,0.48,0.0,6.18,1.28
27,477050,ARIRANG 머니마켓액티브,5,120,14,39,74,1.0,10.0,0.48,0.0,4.1,0.22
27,448880,ACE 24-12 회사채(AA-이상)액티브,5,120,14,39,74,1.0,10.0,0.48,0.0,6.77,0.92
27,439860,KODEX ESG종합채권(A-이상)액티브,5,120,14,39,74,1.0,10.0,0.48,0.0,5.42,2.08
27,273140,KODEX 단기변동금리부채권액티브,5,120,14,39,74,1.0,10.0,0.48,0.0,1.87,0.25
27,479080,1Q 머니마켓액티브,5,120,14,39,74,1.0,10.0,0.48,0.0,4.64,0.18
27,476450,히어로즈 머니마켓액티브,5,120,14,39,74,1.0,10.0,0.48,0.0,4.26,0.32
27,451000,ARIRANG 종합채권(AA-이상)액티브,5,120,14,39,74,1.0,10.0,0.48,0.0,5.79,4.81
27,467940,KODEX 25-11 회사채(A+이상)액티브,5,120,14,39,74,1.0,10.0,0.48,0.0,6.88,1.08
27,292770,KODEX 국채선물3년인버스,5,120,14,39,74,1.0,10.0,0.48,1.55,1.42,2.17
27,298340,ARIRANG 국채선물3년,5,120,14,39,74,1.0,10.0,0.48,2.73,1.64,2.08
27,390950,HANARO 단기채권액티브,5,120,14,39,74,1.0,10.0,0.48,0.0,2.34,0.27
27,480260,TIGER 27-04회사채(A+이상)액티브,5,120,14,39,79,1.0,10.0,0.48,0.0,9.38,1.19
27,464240,히어로즈 26-09 회사채(AA-이상)액티브,5,120,14,39,79,1.0,10.0,0.48,0.0,6.91,1.53
27,475270,ACE 5월만기자동연장회사채AA-이상액티브,5,120,14,39,79,1.0,10.0,0.48,0.0,4.37,0.5
27,465780,마이티 26-09 특수채(AAA)액티브,5,120,14,39,79,1.0,10.0,0.48,0.0,7.41,1.64
27,483230,KBSTAR 25-06 은행채(AA+이상)액티브,5,120,14,39,79,1.0,10.0,0.48,0.0,5.93,0.36
27,448600,KBSTAR 25-11 회사채(AA-이상)액티브,5,120,14,39,79,1.0,10.0,0.48,0.0,7.4,1.89
27,419890,히어로즈 단기채권ESG액티브,5,120,14,39,79,1.0,10.0,0.48,0.0,3.59,0.58
27,453010,ARIRANG KOFR금리,5,120,14,39,79,1.0,10.0,0.48,0.0,3.57,0.15
27,461260,ACE 25-06 회사채(AA-이상)액티브,5,120,14,39,79,1.0,10.0,0.48,0.0,5.26,0.97
27,130730,KOSEF 단기자금,5,120,14,39,79,1.0,10.0,0.48,0.0,2.2,0.45
27,282000,KBSTAR 국고채3년선물인버스,5,120,14,39,79,1.0,10.0,0.48,1.82,1.3,2.16
27,468820,WOORI 25-09 회사채(AA-이상)액티브,5,120,14,39,79,1.0,10.0,0.48,0.0,8.41,0.74
27,470320,BNK 24-11 회사채(AA-이상)액티브,5,120,14,39,79,1.0,10.0,0.48,0.0,5.25,0.29
27,466400,1Q 25-08 회사채(A+이상)액티브,5,120,14,39,79,1.0,10.0,0.48,0.0,6.78,0.86
27,472920,HK 종합채권(AA-이상)액티브,5,120,14,39,79,1.0,10.0,0.48,0.0,8.83,3.31
27,458210,히어로즈 CD금리액티브(합성),5,120,14,39,79,1.0,10.0,0.48,0.0,3.67,0.26
27,475260,ACE 2월만기자동연장회사채AA-이상액티브,5,120,14,39,79,1.0,10.0,0.48,0.0,4.6,0.5
27,385550,KBSTAR 단기종합채권(AA-이상)액티브,5,120,14,39,79,1.0,10.0,0.48,0.0,2.84,0.35
27,136340,KBSTAR 중기우량회사채,5,120,14,39,79,1.0,10.0,0.48,6.75,2.91,1.36
27,440640,ACE 단기채권알파액티브,5,120,14,39,79,1.0,10.0,0.48,0.0,3.81,0.34
27,397410,KBSTAR 국채선물5년추종인버스,5,120,14,39,79,1.0,10.0,0.48,0.0,4.11,4.48
27,239660,ARIRANG 우량회사채50 1년,5,120,14,39,79,1.0,10.0,0.48,0.0,1.89,0.52
27,292770,KODEX 국채선물3년인버스,5,120,14,39,79,1.0,10.0,0.48,1.76,1.42,2.17
27,432600,KBSTAR 국채선물3년,5,120,14,39,79,1.0,10.0,0.48,0.0,3.76,3.69
27,430500,KOSEF 물가채KIS,5,120,14,39,79,1.0,10.0,0.48,0.0,6.8,4.65
27,471290,HANARO CD금리액티브(합성),5,120,14,39,79,1.0,10.0,0.48,0.0,3.65,0.18
27,453060,HANARO KOFR금리액티브(합성),5,120,14,39,79,1.0,10.0,0.48,0.0,3.72,0.17
27,114470,KOSEF 국고채3년,5,120,14,39,79,1.0,10.0,0.48,3.3,2.86,1.75
27,272570,KBSTAR 중장기국공채액티브,5,120,14,39,79,1.0,10.0,0.48,3.26,1.75,2.88
27,438560,SOL 국고채3년,5,120,14,39,79,1.0,10.0,0.48,0.0,4.29,2.83
27,479520,KBSTAR KOFR금리액티브(합성),5,120,14,39,79,1.0,10.0,0.48,0.0,3.69,0.15
27,475280,ACE 8월만기자동연장회사채AA-이상액티브,5,120,14,39,79,1.0,10.0,0.48,0.0,4.02,0.51
27,363510,SOL KIS단기통안채,5,120,14,39,79,1.0,10.0,0.48,0.0,1.95,0.29
27,114100,KBSTAR 국고채3년,5,120,14,39,79,1.0,10.0,0.48,3.19,2.88,1.8
27,336160,KBSTAR 금융채액티브,5,120,14,39,79,1.0,10.0,0.48,6.36,1.94,2.03
27,272910,ACE 중장기국공채액티브,5,120,14,39,79,1.0,10.0,0.48,6.08,1.75,2.49
27,458030,WOORI 단기국공채액티브,5,120,14,39,79,1.0,10.0,0.48,0.0,3.98,0.24
27,122260,KOSEF 통안채1년,5,120,14,39,79,1.0,10.0,0.48,0.0,2.39,1.33
27,484890,SOL 머니마켓액티브,5,120,14,39,79,1.0,10.0,0.48,0.0,4.14,0.12
27,462540,SOL 25-09 회사채(AA-이상)액티브,5,120,14,39,79,1.0,10.0,0.48,0.0,5.7,1.01
27,459580,KODEX CD금리액티브(합성),5,120,14,39,79,1.0,10.0,0.48,0.0,3.81,0.15
27,278620,ARIRANG 단기채권액티브,5,120,14,39,79,1.0,10.0,0.48,0.0,1.94,0.42
27,196230,KBSTAR 단기통안채,5,120,14,39,79,1.0,10.0,0.48,0.0,1.78,0.21
27,451540,TIGER 종합채권(AA-이상)액티브,5,120,14,39,79,1.0,10.0,0.48,0.0,5.14,4.07
27,272580,TIGER 단기채권액티브,5,120,14,39,79,1.0,10.0,0.48,0.0,1.91,0.22
27,153130,KODEX 단기채권,5,120,14,39,79,1.0,10.0,0.48,0.0,1.93,0.34
27,447820,TIGER 24-10 회사채(A+이상)액티브,5,120,14,39,79,1.0,10.0,0.48,0.0,6.36,1.2
27,476810,KODEX 25-11 은행채(AA-이상)PLUS액티브,5,120,14,39,79,1.0,10.0,0.48,0.0,5.99,0.85
27,453540,TIGER 25-10 회사채(A+이상)액티브,5,120,14,39,79,1.0,10.0,0.48,0.0,4.65,1.46
27,481050,KODEX 1년은행양도성예금증서+액티브(합성),5,120,14,39,79,1.0,10.0,0.48,0.0,3.95,0.15
27,475630,TIGER CD1년금리액티브(합성),5,120,14,39,79,1.0,10.0,0.48,0.0,3.84,0.14
27,214980,KODEX 단기채권PLUS,5,120,14,39,79,1.0,10.0,0.48,0.0,1.81,0.18
27,455890,KBSTAR 머니마켓액티브,5,120,14,39,79,1.0,10.0,0.48,0.0,4.41,0.24
27,470260,TIGER 24-12 금융채(AA-이상),5,120,14,39,79,1.0,10.0,0.48,0.0,4.94,0.35
27,465680,KODEX 24-12 은행채(AA+이상)액티브,5,120,14,39,79,1.0,10.0,0.48,0.0,4.34,0.59
27,273130,KODEX 종합채권(AA-이상)액티브,5,120,14,39,79,1.0,10.0,0.48,4.17,1.74,3.05
27,449170,TIGER KOFR금리액티브(합성),5,120,14,39,79,1.0,10.0,0.48,0.0,3.65,0.15
27,423160,KODEX KOFR금리액티브(합성),5,120,14,39,79,1.0,10.0,0.48,0.0,3.32,0.13
27,357870,TIGER CD금리투자KIS(합성),5,120,14,39,79,1.0,10.0,0.48,0.0,2.24,0.23
27,477080,KBSTAR CD금리액티브(합성),5,120,14,39,79,1.0,10.0,0.48,0.0,3.84,0.14
27,469830,SOL 초단기채권액티브,5,120,14,39,79,1.0,10.0,0.48,0.0,4.6,0.21
27,477050,ARIRANG 머니마켓액티브,5,120,14,39,79,1.0,10.0,0.48,0.0,4.1,0.22
27,272560,KBSTAR 단기국공채액티브,5,120,14,39,79,1.0,10.0,0.48,0.0,2.0,0.36
27,464230,히어로즈 24-09 회사채(AA-이상)액티브,5,120,14,39,79,1.0,10.0,0.48,0.0,4.18,0.38
27,454780,히어로즈 종합채권(AA-이상)액티브,5,120,14,39,79,1.0,10.0,0.48,0.0,4.98,4.32
27,190620,ACE 단기통안채,5,120,14,39,79,1.0,10.0,0.48,0.0,1.77,0.13
27,461270,ACE 26-06 회사채(AA-이상)액티브,5,120,14,39,79,1.0,10.0,0.48,0.0,6.29,1.4
27,469820,SOL 24-12 회사채(AA-이상)액티브,5,120,14,39,79,1.0,10.0,0.48,0.0,5.13,0.34
27,438330,TIGER 투자등급회사채액티브,5,120,14,39,79,1.0,10.0,0.48,0.0,6.21,2.23
27,463290,1Q 단기금융채액티브,5,120,14,39,79,1.0,10.0,0.48,0.0,4.58,0.26
27,464540,KBSTAR 25-03 회사채(AA-이상)액티브,5,120,14,39,79,1.0,10.0,0.48,0.0,4.95,0.55
27,467940,KODEX 25-11 회사채(A+이상)액티브,5,120,14,39,79,1.0,10.0,0.48,0.0,6.88,1.08
27,473290,KODEX 26-12 회사채(AA-이상)액티브,5,120,14,39,79,1.0,10.0,0.48,0.0,6.18,1.28
27,448880,ACE 24-12 회사채(AA-이상)액티브,5,120,14,39,79,1.0,10.0,0.48,0.0,6.77,0.92
27,439860,KODEX ESG종합채권(A-이상)액티브,5,120,14,39,79,1.0,10.0,0.48,0.0,5.42,2.08
27,273140,KODEX 단기변동금리부채권액티브,5,120,14,39,79,1.0,10.0,0.48,0.0,1.87,0.25
27,479080,1Q 머니마켓액티브,5,120,14,39,79,1.0,10.0,0.48,0.0,4.64,0.18
27,476450,히어로즈 머니마켓액티브,5,120,14,39,79,1.0,10.0,0.48,0.0,4.26,0.32
27,451000,ARIRANG 종합채권(AA-이상)액티브,5,120,14,39,79,1.0,10.0,0.48,0.0,5.79,4.81
27,390950,HANARO 단기채권액티브,5,120,14,39,79,1.0,10.0,0.48,0.0,2.34,0.27
27,390950,HANARO 단기채권액티브,5,120,14,49,79,1.0,10.0,0.47,0.0,2.34,0.27
27,473440,ACE 11월만기자동연장회사채AA-이상액티브,5,120,14,49,74,1.0,10.0,0.47,0.0,4.59,1.79
27,136340,KBSTAR 중기우량회사채,5,120,14,49,74,1.0,10.0,0.47,7.15,2.91,1.36
27,475270,ACE 5월만기자동연장회사채AA-이상액티브,5,120,14,49,74,1.0,10.0,0.47,0.0,4.37,0.5
27,465780,마이티 26-09 특수채(AAA)액티브,5,120,14,49,74,1.0,10.0,0.47,0.0,7.41,1.64
27,483230,KBSTAR 25-06 은행채(AA+이상)액티브,5,120,14,49,74,1.0,10.0,0.47,0.0,5.93,0.36
27,448600,KBSTAR 25-11 회사채(AA-이상)액티브,5,120,14,49,74,1.0,10.0,0.47,0.0,7.4,1.89
27,419890,히어로즈 단기채권ESG액티브,5,120,14,49,74,1.0,10.0,0.47,0.0,3.59,0.58
27,453010,ARIRANG KOFR금리,5,120,14,49,74,1.0,10.0,0.47,0.0,3.57,0.15
27,461260,ACE 25-06 회사채(AA-이상)액티브,5,120,14,49,74,1.0,10.0,0.47,0.0,5.26,0.97
27,130730,KOSEF 단기자금,5,120,14,49,74,1.0,10.0,0.47,0.0,2.2,0.45
27,282000,KBSTAR 국고채3년선물인버스,5,120,14,49,74,1.0,10.0,0.47,1.31,1.3,2.16
27,468820,WOORI 25-09 회사채(AA-이상)액티브,5,120,14,49,74,1.0,10.0,0.47,0.0,8.41,0.74
27,470320,BNK 24-11 회사채(AA-이상)액티브,5,120,14,49,74,1.0,10.0,0.47,0.0,5.25,0.29
27,466400,1Q 25-08 회사채(A+이상)액티브,5,120,14,49,74,1.0,10.0,0.47,0.0,6.78,0.86
27,472920,HK 종합채권(AA-이상)액티브,5,120,14,49,74,1.0,10.0,0.47,0.0,8.83,3.31
27,458210,히어로즈 CD금리액티브(합성),5,120,14,49,74,1.0,10.0,0.47,0.0,3.67,0.26
27,475260,ACE 2월만기자동연장회사채AA-이상액티브,5,120,14,49,74,1.0,10.0,0.47,0.0,4.6,0.5
27,385550,KBSTAR 단기종합채권(AA-이상)액티브,5,120,14,49,74,1.0,10.0,0.47,0.0,2.84,0.35
27,484890,SOL 머니마켓액티브,5,120,14,49,74,1.0,10.0,0.47,0.0,4.14,0.12
27,464240,히어로즈 26-09 회사채(AA-이상)액티브,5,120,14,49,74,1.0,10.0,0.47,0.0,6.91,1.53
27,440640,ACE 단기채권알파액티브,5,120,14,49,74,1.0,10.0,0.47,0.0,3.81,0.34
27,459580,KODEX CD금리액티브(합성),5,120,14,49,79,1.0,10.0,0.47,0.0,3.81,0.15
27,479520,KBSTAR KOFR금리액티브(합성),5,120,14,49,74,1.0,10.0,0.47,0.0,3.69,0.15
27,298340,ARIRANG 국채선물3년,5,120,14,49,74,1.0,10.0,0.47,1.65,1.64,2.08
27,292770,KODEX 국채선물3년인버스,5,120,14,49,74,1.0,10.0,0.47,1.55,1.42,2.17
27,432600,KBSTAR 국채선물3년,5,120,14,49,74,1.0,10.0,0.47,0.0,3.76,3.69
27,430500,KOSEF 물가채KIS,5,120,14,49,74,1.0,10.0,0.47,0.0,6.8,4.65
27,471290,HANARO CD금리액티브(합성),5,120,14,49,74,1.0,10.0,0.47,0.0,3.65,0.18
27,453060,HANARO KOFR금리액티브(합성),5,120,14,49,74,1.0,10.0,0.47,0.0,3.72,0.17
27,114470,KOSEF 국고채3년,5,120,14,49,74,1.0,10.0,0.47,3.3,2.86,1.75
27,272570,KBSTAR 중장기국공채액티브,5,120,14,49,74,1.0,10.0,0.47,3.26,1.75,2.88
27,239660,ARIRANG 우량회사채50 1년,5,120,14,49,74,1.0,10.0,0.47,0.0,1.89,0.52
27,438560,SOL 국고채3년,5,120,14,49,74,1.0,10.0,0.47,0.0,4.29,2.83
27,475280,ACE 8월만기자동연장회사채AA-이상액티브,5,120,14,49,74,1.0,10.0,0.47,0.0,4.02,0.51
27,363510,SOL KIS단기통안채,5,120,14,49,74,1.0,10.0,0.47,0.0,1.95,0.29
27,114100,KBSTAR 국고채3년,5,120,14,49,74,1.0,10.0,0.47,3.19,2.88,1.8
27,336160,KBSTAR 금융채액티브,5,120,14,49,74,1.0,10.0,0.47,6.7,1.94,2.03
27,272910,ACE 중장기국공채액티브,5,120,14,49,74,1.0,10.0,0.47,6.08,1.75,2.49
27,458030,WOORI 단기국공채액티브,5,120,14,49,74,1.0,10.0,0.47,0.0,3.98,0.24
27,122260,KOSEF 통안채1년,5,120,14,49,74,1.0,10.0,0.47,0.0,2.39,1.33
27,480260,TIGER 27-04회사채(A+이상)액티브,5,120,14,49,74,1.0,10.0,0.47,0.0,9.38,1.19
27,462540,SOL 25-09 회사채(AA-이상)액티브,5,120,14,49,74,1.0,10.0,0.47,0.0,5.7,1.01
27,278620,ARIRANG 단기채권액티브,5,120,14,49,74,1.0,10.0,0.47,0.0,1.94,0.42
27,464230,히어로즈 24-09 회사채(AA-이상)액티브,5,120,14,49,74,1.0,10.0,0.47,0.0,4.18,0.38
27,451540,TIGER 종합채권(AA-이상)액티브,5,120,14,49,74,1.0,10.0,0.47,0.0,5.14,4.07
27,272580,TIGER 단기채권액티브,5,120,14,49,74,1.0,10.0,0.47,0.0,1.91,0.22
27,153130,KODEX 단기채권,5,120,14,49,74,1.0,10.0,0.47,0.0,1.93,0.34
27,447820,TIGER 24-10 회사채(A+이상)액티브,5,120,14,49,74,1.0,10.0,0.47,0.0,6.36,1.2
27,476810,KODEX 25-11 은행채(AA-이상)PLUS액티브,5,120,14,49,74,1.0,10.0,0.47,0.0,5.99,0.85
27,453540,TIGER 25-10 회사채(A+이상)액티브,5,120,14,49,74,1.0,10.0,0.47,0.0,4.65,1.46
27,481050,KODEX 1년은행양도성예금증서+액티브(합성),5,120,14,49,74,1.0,10.0,0.47,0.0,3.95,0.15
27,475630,TIGER CD1년금리액티브(합성),5,120,14,49,74,1.0,10.0,0.47,0.0,3.84,0.14
27,214980,KODEX 단기채권PLUS,5,120,14,49,74,1.0,10.0,0.47,0.0,1.81,0.18
27,455890,KBSTAR 머니마켓액티브,5,120,14,49,74,1.0,10.0,0.47,0.0,4.41,0.24
27,470260,TIGER 24-12 금융채(AA-이상),5,120,14,49,74,1.0,10.0,0.47,0.0,4.94,0.35
27,465680,KODEX 24-12 은행채(AA+이상)액티브,5,120,14,49,74,1.0,10.0,0.47,0.0,4.34,0.59
27,273130,KODEX 종합채권(AA-이상)액티브,5,120,14,49,74,1.0,10.0,0.47,4.17,1.74,3.05
27,449170,TIGER KOFR금리액티브(합성),5,120,14,49,74,1.0,10.0,0.47,0.0,3.65,0.15
27,423160,KODEX KOFR금리액티브(합성),5,120,14,49,74,1.0,10.0,0.47,0.0,3.32,0.13
27,357870,TIGER CD금리투자KIS(합성),5,120,14,49,74,1.0,10.0,0.47,0.0,2.24,0.23
27,459580,KODEX CD금리액티브(합성),5,120,14,49,74,1.0,10.0,0.47,0.0,3.81,0.15
27,196230,KBSTAR 단기통안채,5,120,14,49,74,1.0,10.0,0.47,0.0,1.78,0.21
27,477080,KBSTAR CD금리액티브(합성),5,120,14,49,74,1.0,10.0,0.47,0.0,3.84,0.14
27,469830,SOL 초단기채권액티브,5,120,14,49,74,1.0,10.0,0.47,0.0,4.6,0.21
27,464540,KBSTAR 25-03 회사채(AA-이상)액티브,5,120,14,49,74,1.0,10.0,0.47,0.0,4.95,0.55
27,454780,히어로즈 종합채권(AA-이상)액티브,5,120,14,49,74,1.0,10.0,0.47,0.0,4.98,4.32
27,190620,ACE 단기통안채,5,120,14,49,74,1.0,10.0,0.47,0.0,1.77,0.13
27,461270,ACE 26-06 회사채(AA-이상)액티브,5,120,14,49,74,1.0,10.0,0.47,0.0,6.29,1.4
27,469820,SOL 24-12 회사채(AA-이상)액티브,5,120,14,49,74,1.0,10.0,0.47,0.0,5.13,0.34
27,438330,TIGER 투자등급회사채액티브,5,120,14,49,74,1.0,10.0,0.47,0.0,6.21,2.23
27,463290,1Q 단기금융채액티브,5,120,14,49,74,1.0,10.0,0.47,0.0,4.58,0.26
27,272560,KBSTAR 단기국공채액티브,5,120,14,49,74,1.0,10.0,0.47,0.0,2.0,0.36
27,473290,KODEX 26-12 회사채(AA-이상)액티브,5,120,14,49,74,1.0,10.0,0.47,0.0,6.18,1.28
27,477050,ARIRANG 머니마켓액티브,5,120,14,49,74,1.0,10.0,0.47,0.0,4.1,0.22
27,448880,ACE 24-12 회사채(AA-이상)액티브,5,120,14,49,74,1.0,10.0,0.47,0.0,6.77,0.92
27,439860,KODEX ESG종합채권(A-이상)액티브,5,120,14,49,74,1.0,10.0,0.47,0.0,5.42,2.08
27,273140,KODEX 단기변동금리부채권액티브,5,120,14,49,74,1.0,10.0,0.47,0.0,1.87,0.25
27,479080,1Q 머니마켓액티브,5,120,14,49,74,1.0,10.0,0.47,0.0,4.64,0.18
27,476450,히어로즈 머니마켓액티브,5,120,14,49,74,1.0,10.0,0.47,0.0,4.26,0.32
27,451000,ARIRANG 종합채권(AA-이상)액티브,5,120,14,49,74,1.0,10.0,0.47,0.0,5.79,4.81
27,467940,KODEX 25-11 회사채(A+이상)액티브,5,120,14,49,74,1.0,10.0,0.47,0.0,6.88,1.08
27,390950,HANARO 단기채권액티브,5,120,14,49,74,1.0,10.0,0.47,0.0,2.34,0.27
27,397410,KBSTAR 국채선물5년추종인버스,5,120,14,49,74,1.0,10.0,0.47,0.0,4.11,4.48
27,357870,TIGER CD금리투자KIS(합성),5,120,14,49,79,1.0,10.0,0.47,0.0,2.24,0.23
27,440640,ACE 단기채권알파액티브,5,120,14,49,79,1.0,10.0,0.47,0.0,3.81,0.34
27,423160,KODEX KOFR금리액티브(합성),5,120,14,49,79,1.0,10.0,0.47,0.0,3.32,0.13
27,475270,ACE 5월만기자동연장회사채AA-이상액티브,5,120,14,49,79,1.0,10.0,0.47,0.0,4.37,0.5
27,465780,마이티 26-09 특수채(AAA)액티브,5,120,14,49,79,1.0,10.0,0.47,0.0,7.41,1.64
27,483230,KBSTAR 25-06 은행채(AA+이상)액티브,5,120,14,49,79,1.0,10.0,0.47,0.0,5.93,0.36
27,448600,KBSTAR 25-11 회사채(AA-이상)액티브,5,120,14,49,79,1.0,10.0,0.47,0.0,7.4,1.89
27,419890,히어로즈 단기채권ESG액티브,5,120,14,49,79,1.0,10.0,0.47,0.0,3.59,0.58
27,453010,ARIRANG KOFR금리,5,120,14,49,79,1.0,10.0,0.47,0.0,3.57,0.15
27,461260,ACE 25-06 회사채(AA-이상)액티브,5,120,14,49,79,1.0,10.0,0.47,0.0,5.26,0.97
27,130730,KOSEF 단기자금,5,120,14,49,79,1.0,10.0,0.47,0.0,2.2,0.45
27,282000,KBSTAR 국고채3년선물인버스,5,120,14,49,79,1.0,10.0,0.47,1.63,1.3,2.16
27,468820,WOORI 25-09 회사채(AA-이상)액티브,5,120,14,49,79,1.0,10.0,0.47,0.0,8.41,0.74
27,470320,BNK 24-11 회사채(AA-이상)액티브,5,120,14,49,79,1.0,10.0,0.47,0.0,5.25,0.29
27,466400,1Q 25-08 회사채(A+이상)액티브,5,120,14,49,79,1.0,10.0,0.47,0.0,6.78,0.86
27,472920,HK 종합채권(AA-이상)액티브,5,120,14,49,79,1.0,10.0,0.47,0.0,8.83,3.31
27,458210,히어로즈 CD금리액티브(합성),5,120,14,49,79,1.0,10.0,0.47,0.0,3.67,0.26
27,475260,ACE 2월만기자동연장회사채AA-이상액티브,5,120,14,49,79,1.0,10.0,0.47,0.0,4.6,0.5
27,385550,KBSTAR 단기종합채권(AA-이상)액티브,5,120,14,49,79,1.0,10.0,0.47,0.0,2.84,0.35
27,136340,KBSTAR 중기우량회사채,5,120,14,49,79,1.0,10.0,0.47,6.75,2.91,1.36
27,397410,KBSTAR 국채선물5년추종인버스,5,120,14,49,79,1.0,10.0,0.47,0.0,4.11,4.48
27,473440,ACE 11월만기자동연장회사채AA-이상액티브,5,120,14,49,79,1.0,10.0,0.47,0.0,4.59,1.79
27,479520,KBSTAR KOFR금리액티브(합성),5,120,14,49,79,1.0,10.0,0.47,0.0,3.69,0.15
27,298340,ARIRANG 국채선물3년,5,120,14,49,79,1.0,10.0,0.47,1.65,1.64,2.08
27,292770,KODEX 국채선물3년인버스,5,120,14,49,79,1.0,10.0,0.47,1.76,1.42,2.17
27,432600,KBSTAR 국채선물3년,5,120,14,49,79,1.0,10.0,0.47,0.0,3.76,3.69
27,430500,KOSEF 물가채KIS,5,120,14,49,79,1.0,10.0,0.47,0.0,6.8,4.65
27,471290,HANARO CD금리액티브(합성),5,120,14,49,79,1.0,10.0,0.47,0.0,3.65,0.18
27,453060,HANARO KOFR금리액티브(합성),5,120,14,49,79,1.0,10.0,0.47,0.0,3.72,0.17
27,114470,KOSEF 국고채3년,5,120,14,49,79,1.0,10.0,0.47,3.3,2.86,1.75
27,272570,KBSTAR 중장기국공채액티브,5,120,14,49,79,1.0,10.0,0.47,3.26,1.75,2.88
27,239660,ARIRANG 우량회사채50 1년,5,120,14,49,79,1.0,10.0,0.47,0.0,1.89,0.52
27,438560,SOL 국고채3년,5,120,14,49,79,1.0,10.0,0.47,0.0,4.29,2.83
27,475280,ACE 8월만기자동연장회사채AA-이상액티브,5,120,14,49,79,1.0,10.0,0.47,0.0,4.02,0.51
27,363510,SOL KIS단기통안채,5,120,14,49,79,1.0,10.0,0.47,0.0,1.95,0.29
27,114100,KBSTAR 국고채3년,5,120,14,49,79,1.0,10.0,0.47,3.19,2.88,1.8
27,336160,KBSTAR 금융채액티브,5,120,14,49,79,1.0,10.0,0.47,6.36,1.94,2.03
27,272910,ACE 중장기국공채액티브,5,120,14,49,79,1.0,10.0,0.47,6.08,1.75,2.49
27,458030,WOORI 단기국공채액티브,5,120,14,49,79,1.0,10.0,0.47,0.0,3.98,0.24
27,122260,KOSEF 통안채1년,5,120,14,49,79,1.0,10.0,0.47,0.0,2.39,1.33
27,484890,SOL 머니마켓액티브,5,120,14,49,79,1.0,10.0,0.47,0.0,4.14,0.12
27,464240,히어로즈 26-09 회사채(AA-이상)액티브,5,120,14,49,79,1.0,10.0,0.47,0.0,6.91,1.53
27,480260,TIGER 27-04회사채(A+이상)액티브,5,120,14,49,79,1.0,10.0,0.47,0.0,9.38,1.19
27,476810,KODEX 25-11 은행채(AA-이상)PLUS액티브,5,120,14,49,79,1.0,10.0,0.47,0.0,5.99,0.85
27,469830,SOL 초단기채권액티브,5,120,14,49,79,1.0,10.0,0.47,0.0,4.6,0.21
27,477080,KBSTAR CD금리액티브(합성),5,120,14,49,79,1.0,10.0,0.47,0.0,3.84,0.14
27,196230,KBSTAR 단기통안채,5,120,14,49,79,1.0,10.0,0.47,0.0,1.78,0.21
27,451540,TIGER 종합채권(AA-이상)액티브,5,120,14,49,79,1.0,10.0,0.47,0.0,5.14,4.07
27,272580,TIGER 단기채권액티브,5,120,14,49,79,1.0,10.0,0.47,0.0,1.91,0.22
27,153130,KODEX 단기채권,5,120,14,49,79,1.0,10.0,0.47,0.0,1.93,0.34
27,447820,TIGER 24-10 회사채(A+이상)액티브,5,120,14,49,79,1.0,10.0,0.47,0.0,6.36,1.2
27,453540,TIGER 25-10 회사채(A+이상)액티브,5,120,14,49,79,1.0,10.0,0.47,0.0,4.65,1.46
27,467940,KODEX 25-11 회사채(A+이상)액티브,5,120,14,49,79,1.0,10.0,0.47,0.0,6.88,1.08
27,481050,KODEX 1년은행양도성예금증서+액티브(합성),5,120,14,49,79,1.0,10.0,0.47,0.0,3.95,0.15
27,475630,TIGER CD1년금리액티브(합성),5,120,14,49,79,1.0,10.0,0.47,0.0,3.84,0.14
27,214980,KODEX 단기채권PLUS,5,120,14,49,79,1.0,10.0,0.47,0.0,1.81,0.18
27,455890,KBSTAR 머니마켓액티브,5,120,14,49,79,1.0,10.0,0.47,0.0,4.41,0.24
27,470260,TIGER 24-12 금융채(AA-이상),5,120,14,49,79,1.0,10.0,0.47,0.0,4.94,0.35
27,465680,KODEX 24-12 은행채(AA+이상)액티브,5,120,14,49,79,1.0,10.0,0.47,0.0,4.34,0.59
27,449170,TIGER KOFR금리액티브(합성),5,120,14,49,79,1.0,10.0,0.47,0.0,3.65,0.15
27,477050,ARIRANG 머니마켓액티브,5,120,14,49,79,1.0,10.0,0.47,0.0,4.1,0.22
27,273130,KODEX 종합채권(AA-이상)액티브,5,120,14,49,79,1.0,10.0,0.47,4.17,1.74,3.05
27,451000,ARIRANG 종합채권(AA-이상)액티브,5,120,14,49,79,1.0,10.0,0.47,0.0,5.79,4.81
27,463290,1Q 단기금융채액티브,5,120,14,49,79,1.0,10.0,0.47,0.0,4.58,0.26
27,476450,히어로즈 머니마켓액티브,5,120,14,49,79,1.0,10.0,0.47,0.0,4.26,0.32
27,462540,SOL 25-09 회사채(AA-이상)액티브,5,120,14,49,79,1.0,10.0,0.47,0.0,5.7,1.01
27,278620,ARIRANG 단기채권액티브,5,120,14,49,79,1.0,10.0,0.47,0.0,1.94,0.42
27,464230,히어로즈 24-09 회사채(AA-이상)액티브,5,120,14,49,79,1.0,10.0,0.47,0.0,4.18,0.38
27,454780,히어로즈 종합채권(AA-이상)액티브,5,120,14,49,79,1.0,10.0,0.47,0.0,4.98,4.32
27,190620,ACE 단기통안채,5,120,14,49,79,1.0,10.0,0.47,0.0,1.77,0.13
27,469820,SOL 24-12 회사채(AA-이상)액티브,5,120,14,49,79,1.0,10.0,0.47,0.0,5.13,0.34
27,438330,TIGER 투자등급회사채액티브,5,120,14,49,79,1.0,10.0,0.47,0.0,6.21,2.23
27,461270,ACE 26-06 회사채(AA-이상)액티브,5,120,14,49,79,1.0,10.0,0.47,0.0,6.29,1.4
27,272560,KBSTAR 단기국공채액티브,5,120,14,49,79,1.0,10.0,0.47,0.0,2.0,0.36
27,464540,KBSTAR 25-03 회사채(AA-이상)액티브,5,120,14,49,79,1.0,10.0,0.47,0.0,4.95,0.55
27,473290,KODEX 26-12 회사채(AA-이상)액티브,5,120,14,49,79,1.0,10.0,0.47,0.0,6.18,1.28
27,448880,ACE 24-12 회사채(AA-이상)액티브,5,120,14,49,79,1.0,10.0,0.47,0.0,6.77,0.92
27,439860,KODEX ESG종합채권(A-이상)액티브,5,120,14,49,79,1.0,10.0,0.47,0.0,5.42,2.08
27,273140,KODEX 단기변동금리부채권액티브,5,120,14,49,79,1.0,10.0,0.47,0.0,1.87,0.25
27,479080,1Q 머니마켓액티브,5,120,14,49,79,1.0,10.0,0.47,0.0,4.64,0.18
27,272560,KBSTAR 단기국공채액티브,5,120,14,44,69,1.0,10.0,0.46,0.0,2.0,0.36
27,476450,히어로즈 머니마켓액티브,5,120,14,44,69,1.0,10.0,0.46,0.0,4.26,0.32
27,479080,1Q 머니마켓액티브,5,120,14,44,69,1.0,10.0,0.46,0.0,4.64,0.18
27,273140,KODEX 단기변동금리부채권액티브,5,120,14,44,69,1.0,10.0,0.46,0.0,1.87,0.25
27,439860,KODEX ESG종합채권(A-이상)액티브,5,120,14,44,69,1.0,10.0,0.46,0.0,5.42,2.08
27,448880,ACE 24-12 회사채(AA-이상)액티브,5,120,14,44,69,1.0,10.0,0.46,0.0,6.77,0.92
27,473290,KODEX 26-12 회사채(AA-이상)액티브,5,120,14,44,69,1.0,10.0,0.46,0.0,6.18,1.28
27,451000,ARIRANG 종합채권(AA-이상)액티브,5,120,14,44,69,1.0,10.0,0.46,0.0,5.79,4.81
27,464540,KBSTAR 25-03 회사채(AA-이상)액티브,5,120,14,44,69,1.0,10.0,0.46,0.0,4.95,0.55
27,464230,히어로즈 24-09 회사채(AA-이상)액티브,5,120,14,44,69,1.0,10.0,0.46,0.0,4.18,0.38
27,463290,1Q 단기금융채액티브,5,120,14,44,69,1.0,10.0,0.46,0.0,4.58,0.26
27,438330,TIGER 투자등급회사채액티브,5,120,14,44,69,1.0,10.0,0.46,0.0,6.21,2.23
27,469820,SOL 24-12 회사채(AA-이상)액티브,5,120,14,44,69,1.0,10.0,0.46,0.0,5.13,0.34
27,461270,ACE 26-06 회사채(AA-이상)액티브,5,120,14,44,69,1.0,10.0,0.46,0.0,6.29,1.4
27,190620,ACE 단기통안채,5,120,14,44,69,1.0,10.0,0.46,0.0,1.77,0.13
27,454780,히어로즈 종합채권(AA-이상)액티브,5,120,14,44,69,1.0,10.0,0.46,0.0,4.98,4.32
27,477050,ARIRANG 머니마켓액티브,5,120,14,44,69,1.0,10.0,0.46,0.0,4.1,0.22
27,278620,ARIRANG 단기채권액티브,5,120,14,44,69,1.0,10.0,0.46,0.0,1.94,0.42
27,462540,SOL 25-09 회사채(AA-이상)액티브,5,120,14,44,69,1.0,10.0,0.46,0.0,5.7,1.01
27,467940,KODEX 25-11 회사채(A+이상)액티브,5,120,14,44,69,1.0,10.0,0.46,0.0,6.88,1.08
27,453540,TIGER 25-10 회사채(A+이상)액티브,5,120,14,44,69,1.0,10.0,0.46,0.0,4.65,1.46
27,469830,SOL 초단기채권액티브,5,120,14,44,69,1.0,10.0,0.46,0.0,4.6,0.21
27,477080,KBSTAR CD금리액티브(합성),5,120,14,44,69,1.0,10.0,0.46,0.0,3.84,0.14
27,473440,ACE 11월만기자동연장회사채AA-이상액티브,5,120,14,44,69,1.0,10.0,0.46,0.0,4.59,1.79
27,423160,KODEX KOFR금리액티브(합성),5,120,14,44,69,1.0,10.0,0.46,0.0,3.32,0.13
27,357870,TIGER CD금리투자KIS(합성),5,120,14,44,69,1.0,10.0,0.46,0.0,2.24,0.23
27,449170,TIGER KOFR금리액티브(합성),5,120,14,44,69,1.0,10.0,0.46,0.0,3.65,0.15
27,273130,KODEX 종합채권(AA-이상)액티브,5,120,14,44,69,1.0,10.0,0.46,4.17,1.74,3.05
27,465680,KODEX 24-12 은행채(AA+이상)액티브,5,120,14,44,69,1.0,10.0,0.46,0.0,4.34,0.59
27,470260,TIGER 24-12 금융채(AA-이상),5,120,14,44,69,1.0,10.0,0.46,0.0,4.94,0.35
27,455890,KBSTAR 머니마켓액티브,5,120,14,44,69,1.0,10.0,0.46,0.0,4.41,0.24
27,214980,KODEX 단기채권PLUS,5,120,14,44,69,1.0,10.0,0.46,0.0,1.81,0.18
27,475630,TIGER CD1년금리액티브(합성),5,120,14,44,69,1.0,10.0,0.46,0.0,3.84,0.14
27,481050,KODEX 1년은행양도성예금증서+액티브(합성),5,120,14,44,69,1.0,10.0,0.46,0.0,3.95,0.15
27,476810,KODEX 25-11 은행채(AA-이상)PLUS액티브,5,120,14,44,69,1.0,10.0,0.46,0.0,5.99,0.85
27,447820,TIGER 24-10 회사채(A+이상)액티브,5,120,14,44,69,1.0,10.0,0.46,0.0,6.36,1.2
27,153130,KODEX 단기채권,5,120,14,44,69,1.0,10.0,0.46,0.0,1.93,0.34
27,272580,TIGER 단기채권액티브,5,120,14,44,69,1.0,10.0,0.46,0.0,1.91,0.22
27,451540,TIGER 종합채권(AA-이상)액티브,5,120,14,44,69,1.0,10.0,0.46,0.0,5.14,4.07
27,196230,KBSTAR 단기통안채,5,120,14,44,69,1.0,10.0,0.46,0.0,1.78,0.21
27,480260,TIGER 27-04회사채(A+이상)액티브,5,120,14,44,69,1.0,10.0,0.46,0.0,9.38,1.19
27,423160,KODEX KOFR금리액티브(합성),5,120,14,39,69,1.0,10.0,0.46,0.0,3.32,0.13
27,484890,SOL 머니마켓액티브,5,120,14,44,69,1.0,10.0,0.46,0.0,4.14,0.12
27,272570,KBSTAR 중장기국공채액티브,5,120,14,44,69,1.0,10.0,0.46,3.26,1.75,2.88
27,458030,WOORI 단기국공채액티브,5,120,14,44,69,1.0,10.0,0.46,0.0,3.98,0.24
27,272910,ACE 중장기국공채액티브,5,120,14,44,69,1.0,10.0,0.46,6.08,1.75,2.49
27,336160,KBSTAR 금융채액티브,5,120,14,44,69,1.0,10.0,0.46,7.06,1.94,2.03
27,114100,KBSTAR 국고채3년,5,120,14,44,69,1.0,10.0,0.46,3.08,2.88,1.8
27,363510,SOL KIS단기통안채,5,120,14,44,69,1.0,10.0,0.46,0.0,1.95,0.29
27,475280,ACE 8월만기자동연장회사채AA-이상액티브,5,120,14,44,69,1.0,10.0,0.46,0.0,4.02,0.51
27,438560,SOL 국고채3년,5,120,14,44,69,1.0,10.0,0.46,0.0,4.29,2.83
27,239660,ARIRANG 우량회사채50 1년,5,120,14,44,69,1.0,10.0,0.46,0.0,1.89,0.52
27,114470,KOSEF 국고채3년,5,120,14,44,69,1.0,10.0,0.46,3.18,2.86,1.75
27,385550,KBSTAR 단기종합채권(AA-이상)액티브,5,120,14,44,69,1.0,10.0,0.46,0.0,2.84,0.35
27,453060,HANARO KOFR금리액티브(합성),5,120,14,44,69,1.0,10.0,0.46,0.0,3.72,0.17
27,471290,HANARO CD금리액티브(합성),5,120,14,44,69,1.0,10.0,0.46,0.0,3.65,0.18
27,430500,KOSEF 물가채KIS,5,120,14,44,69,1.0,10.0,0.46,0.0,6.8,4.65
27,432600,KBSTAR 국채선물3년,5,120,14,44,69,1.0,10.0,0.46,0.0,3.76,3.69
27,292770,KODEX 국채선물3년인버스,5,120,14,44,69,1.0,10.0,0.46,0.9,1.42,2.17
27,298340,ARIRANG 국채선물3년,5,120,14,44,69,1.0,10.0,0.46,2.73,1.64,2.08
27,390950,HANARO 단기채권액티브,5,120,14,44,69,1.0,10.0,0.46,0.0,2.34,0.27
27,459580,KODEX CD금리액티브(합성),5,120,14,39,69,1.0,10.0,0.46,0.0,3.81,0.15
27,122260,KOSEF 통안채1년,5,120,14,44,69,1.0,10.0,0.46,0.0,2.39,1.33
27,479520,KBSTAR KOFR금리액티브(합성),5,120,14,44,69,1.0,10.0,0.46,0.0,3.69,0.15
27,397410,KBSTAR 국채선물5년추종인버스,5,120,14,44,69,1.0,10.0,0.46,0.0,4.11,4.48
27,440640,ACE 단기채권알파액티브,5,120,14,44,69,1.0,10.0,0.46,0.0,3.81,0.34
27,475260,ACE 2월만기자동연장회사채AA-이상액티브,5,120,14,44,69,1.0,10.0,0.46,0.0,4.6,0.5
27,458210,히어로즈 CD금리액티브(합성),5,120,14,44,69,1.0,10.0,0.46,0.0,3.67,0.26
27,472920,HK 종합채권(AA-이상)액티브,5,120,14,44,69,1.0,10.0,0.46,0.0,8.83,3.31
27,466400,1Q 25-08 회사채(A+이상)액티브,5,120,14,44,69,1.0,10.0,0.46,0.0,6.78,0.86
27,470320,BNK 24-11 회사채(AA-이상)액티브,5,120,14,44,69,1.0,10.0,0.46,0.0,5.25,0.29
27,468820,WOORI 25-09 회사채(AA-이상)액티브,5,120,14,44,69,1.0,10.0,0.46,0.0,8.41,0.74
27,282000,KBSTAR 국고채3년선물인버스,5,120,14,44,69,1.0,10.0,0.46,0.76,1.3,2.16
27,130730,KOSEF 단기자금,5,120,14,44,69,1.0,10.0,0.46,0.0,2.2,0.45
27,461260,ACE 25-06 회사채(AA-이상)액티브,5,120,14,44,69,1.0,10.0,0.46,0.0,5.26,0.97
27,453010,ARIRANG KOFR금리,5,120,14,44,69,1.0,10.0,0.46,0.0,3.57,0.15
27,419890,히어로즈 단기채권ESG액티브,5,120,14,44,69,1.0,10.0,0.46,0.0,3.59,0.58
27,448600,KBSTAR 25-11 회사채(AA-이상)액티브,5,120,14,44,69,1.0,10.0,0.46,0.0,7.4,1.89
27,483230,KBSTAR 25-06 은행채(AA+이상)액티브,5,120,14,44,69,1.0,10.0,0.46,0.0,5.93,0.36
27,465780,마이티 26-09 특수채(AAA)액티브,5,120,14,44,69,1.0,10.0,0.46,0.0,7.41,1.64
27,475270,ACE 5월만기자동연장회사채AA-이상액티브,5,120,14,44,69,1.0,10.0,0.46,0.0,4.37,0.5
27,464240,히어로즈 26-09 회사채(AA-이상)액티브,5,120,14,44,69,1.0,10.0,0.46,0.0,6.91,1.53
27,136340,KBSTAR 중기우량회사채,5,120,14,44,69,1.0,10.0,0.46,6.67,2.91,1.36
27,459580,KODEX CD금리액티브(합성),5,120,14,44,69,1.0,10.0,0.46,0.0,3.81,0.15
27,385550,KBSTAR 단기종합채권(AA-이상)액티브,5,120,14,39,69,1.0,10.0,0.46,0.0,2.84,0.35
27,273130,KODEX 종합채권(AA-이상)액티브,5,120,14,39,69,1.0,10.0,0.46,4.17,1.74,3.05
27,465680,KODEX 24-12 은행채(AA+이상)액티브,5,120,14,39,69,1.0,10.0,0.46,0.0,4.34,0.59
27,273140,KODEX 단기변동금리부채권액티브,5,120,14,39,69,1.0,10.0,0.46,0.0,1.87,0.25
27,439860,KODEX ESG종합채권(A-이상)액티브,5,120,14,39,69,1.0,10.0,0.46,0.0,5.42,2.08
27,448880,ACE 24-12 회사채(AA-이상)액티브,5,120,14,39,69,1.0,10.0,0.46,0.0,6.77,0.92
27,473290,KODEX 26-12 회사채(AA-이상)액티브,5,120,14,39,69,1.0,10.0,0.46,0.0,6.18,1.28
27,464540,KBSTAR 25-03 회사채(AA-이상)액티브,5,120,14,39,69,1.0,10.0,0.46,0.0,4.95,0.55
27,272560,KBSTAR 단기국공채액티브,5,120,14,39,69,1.0,10.0,0.46,0.0,2.0,0.36
27,463290,1Q 단기금융채액티브,5,120,14,39,69,1.0,10.0,0.46,0.0,4.58,0.26
27,438330,TIGER 투자등급회사채액티브,5,120,14,39,69,1.0,10.0,0.46,0.0,6.21,2.23
27,469820,SOL 24-12 회사채(AA-이상)액티브,5,120,14,39,69,1.0,10.0,0.46,0.0,5.13,0.34
27,461270,ACE 26-06 회사채(AA-이상)액티브,5,120,14,39,69,1.0,10.0,0.46,0.0,6.29,1.4
27,190620,ACE 단기통안채,5,120,14,39,69,1.0,10.0,0.46,0.0,1.77,0.13
27,454780,히어로즈 종합채권(AA-이상)액티브,5,120,14,39,69,1.0,10.0,0.46,0.0,4.98,4.32
27,464230,히어로즈 24-09 회사채(AA-이상)액티브,5,120,14,39,69,1.0,10.0,0.46,0.0,4.18,0.38
27,278620,ARIRANG 단기채권액티브,5,120,14,39,69,1.0,10.0,0.46,0.0,1.94,0.42
27,462540,SOL 25-09 회사채(AA-이상)액티브,5,120,14,39,69,1.0,10.0,0.46,0.0,5.7,1.01
27,480260,TIGER 27-04회사채(A+이상)액티브,5,120,14,39,69,1.0,10.0,0.46,0.0,9.38,1.19
27,473440,ACE 11월만기자동연장회사채AA-이상액티브,5,120,14,39,69,1.0,10.0,0.46,0.0,4.59,1.79
27,479080,1Q 머니마켓액티브,5,120,14,39,69,1.0,10.0,0.46,0.0,4.64,0.18
27,476450,히어로즈 머니마켓액티브,5,120,14,39,69,1.0,10.0,0.46,0.0,4.26,0.32
27,451000,ARIRANG 종합채권(AA-이상)액티브,5,120,14,39,69,1.0,10.0,0.46,0.0,5.79,4.81
27,476810,KODEX 25-11 은행채(AA-이상)PLUS액티브,5,120,14,39,69,1.0,10.0,0.46,0.0,5.99,0.85
27,449170,TIGER KOFR금리액티브(합성),5,120,14,39,69,1.0,10.0,0.46,0.0,3.65,0.15
27,455890,KBSTAR 머니마켓액티브,5,120,14,39,69,1.0,10.0,0.46,0.0,4.41,0.24
27,357870,TIGER CD금리투자KIS(합성),5,120,14,39,69,1.0,10.0,0.46,0.0,2.24,0.23
27,214980,KODEX 단기채권PLUS,5,120,14,39,69,1.0,10.0,0.46,0.0,1.81,0.18
27,475630,TIGER CD1년금리액티브(합성),5,120,14,39,69,1.0,10.0,0.46,0.0,3.84,0.14
27,481050,KODEX 1년은행양도성예금증서+액티브(합성),5,120,14,39,69,1.0,10.0,0.46,0.0,3.95,0.15
27,453540,TIGER 25-10 회사채(A+이상)액티브,5,120,14,39,69,1.0,10.0,0.46,0.0,4.65,1.46
27,447820,TIGER 24-10 회사채(A+이상)액티브,5,120,14,39,69,1.0,10.0,0.46,0.0,6.36,1.2
27,467940,KODEX 25-11 회사채(A+이상)액티브,5,120,14,39,69,1.0,10.0,0.46,0.0,6.88,1.08
27,153130,KODEX 단기채권,5,120,14,39,69,1.0,10.0,0.46,0.0,1.93,0.34
27,272580,TIGER 단기채권액티브,5,120,14,39,69,1.0,10.0,0.46,0.0,1.91,0.22
27,451540,TIGER 종합채권(AA-이상)액티브,5,120,14,39,69,1.0,10.0,0.46,0.0,5.14,4.07
27,196230,KBSTAR 단기통안채,5,120,14,39,69,1.0,10.0,0.46,0.0,1.78,0.21
27,477080,KBSTAR CD금리액티브(합성),5,120,14,39,69,1.0,10.0,0.46,0.0,3.84,0.14
27,469830,SOL 초단기채권액티브,5,120,14,39,69,1.0,10.0,0.46,0.0,4.6,0.21
27,477050,ARIRANG 머니마켓액티브,5,120,14,39,69,1.0,10.0,0.46,0.0,4.1,0.22
27,484890,SOL 머니마켓액티브,5,120,14,39,69,1.0,10.0,0.46,0.0,4.14,0.12
27,475260,ACE 2월만기자동연장회사채AA-이상액티브,5,120,14,39,69,1.0,10.0,0.46,0.0,4.6,0.5
27,122260,KOSEF 통안채1년,5,120,14,39,69,1.0,10.0,0.46,0.0,2.39,1.33
27,272570,KBSTAR 중장기국공채액티브,5,120,14,39,69,1.0,10.0,0.46,3.26,1.75,2.88
27,272910,ACE 중장기국공채액티브,5,120,14,39,69,1.0,10.0,0.46,6.08,1.75,2.49
27,336160,KBSTAR 금융채액티브,5,120,14,39,69,1.0,10.0,0.46,7.06,1.94,2.03
27,114100,KBSTAR 국고채3년,5,120,14,39,69,1.0,10.0,0.46,3.08,2.88,1.8
27,363510,SOL KIS단기통안채,5,120,14,39,69,1.0,10.0,0.46,0.0,1.95,0.29
27,475280,ACE 8월만기자동연장회사채AA-이상액티브,5,120,14,39,69,1.0,10.0,0.46,0.0,4.02,0.51
27,438560,SOL 국고채3년,5,120,14,39,69,1.0,10.0,0.46,0.0,4.29,2.83
27,239660,ARIRANG 우량회사채50 1년,5,120,14,39,69,1.0,10.0,0.46,0.0,1.89,0.52
27,114470,KOSEF 국고채3년,5,120,14,39,69,1.0,10.0,0.46,3.18,2.86,1.75
27,458210,히어로즈 CD금리액티브(합성),5,120,14,39,69,1.0,10.0,0.46,0.0,3.67,0.26
27,453060,HANARO KOFR금리액티브(합성),5,120,14,39,69,1.0,10.0,0.46,0.0,3.72,0.17
27,471290,HANARO CD금리액티브(합성),5,120,14,39,69,1.0,10.0,0.46,0.0,3.65,0.18
27,430500,KOSEF 물가채KIS,5,120,14,39,69,1.0,10.0,0.46,0.0,6.8,4.65
27,432600,KBSTAR 국채선물3년,5,120,14,39,69,1.0,10.0,0.46,0.0,3.76,3.69
27,292770,KODEX 국채선물3년인버스,5,120,14,39,69,1.0,10.0,0.46,0.9,1.42,2.17
27,298340,ARIRANG 국채선물3년,5,120,14,39,69,1.0,10.0,0.46,2.73,1.64,2.08
27,390950,HANARO 단기채권액티브,5,120,14,39,69,1.0,10.0,0.46,0.0,2.34,0.27
27,458030,WOORI 단기국공채액티브,5,120,14,39,69,1.0,10.0,0.46,0.0,3.98,0.24
27,470260,TIGER 24-12 금융채(AA-이상),5,120,14,39,69,1.0,10.0,0.46,0.0,4.94,0.35
27,479520,KBSTAR KOFR금리액티브(합성),5,120,14,39,69,1.0,10.0,0.46,0.0,3.69,0.15
27,397410,KBSTAR 국채선물5년추종인버스,5,120,14,39,69,1.0,10.0,0.46,0.0,4.11,4.48
27,472920,HK 종합채권(AA-이상)액티브,5,120,14,39,69,1.0,10.0,0.46,0.0,8.83,3.31
27,466400,1Q 25-08 회사채(A+이상)액티브,5,120,14,39,69,1.0,10.0,0.46,0.0,6.78,0.86
27,470320,BNK 24-11 회사채(AA-이상)액티브,5,120,14,39,69,1.0,10.0,0.46,0.0,5.25,0.29
27,468820,WOORI 25-09 회사채(AA-이상)액티브,5,120,14,39,69,1.0,10.0,0.46,0.0,8.41,0.74
27,282000,KBSTAR 국고채3년선물인버스,5,120,14,39,69,1.0,10.0,0.46,0.95,1.3,2.16
27,130730,KOSEF 단기자금,5,120,14,39,69,1.0,10.0,0.46,0.0,2.2,0.45
27,461260,ACE 25-06 회사채(AA-이상)액티브,5,120,14,39,69,1.0,10.0,0.46,0.0,5.26,0.97
27,453010,ARIRANG KOFR금리,5,120,14,39,69,1.0,10.0,0.46,0.0,3.57,0.15
27,419890,히어로즈 단기채권ESG액티브,5,120,14,39,69,1.0,10.0,0.46,0.0,3.59,0.58
27,448600,KBSTAR 25-11 회사채(AA-이상)액티브,5,120,14,39,69,1.0,10.0,0.46,0.0,7.4,1.89
27,483230,KBSTAR 25-06 은행채(AA+이상)액티브,5,120,14,39,69,1.0,10.0,0.46,0.0,5.93,0.36
27,465780,마이티 26-09 특수채(AAA)액티브,5,120,14,39,69,1.0,10.0,0.46,0.0,7.41,1.64
27,475270,ACE 5월만기자동연장회사채AA-이상액티브,5,120,14,39,69,1.0,10.0,0.46,0.0,4.37,0.5
27,464240,히어로즈 26-09 회사채(AA-이상)액티브,5,120,14,39,69,1.0,10.0,0.46,0.0,6.91,1.53
27,136340,KBSTAR 중기우량회사채,5,120,14,39,69,1.0,10.0,0.46,6.67,2.91,1.36
27,440640,ACE 단기채권알파액티브,5,120,14,39,69,1.0,10.0,0.46,0.0,3.81,0.34
27,273130,KODEX 종합채권(AA-이상)액티브,5,120,14,49,69,1.0,10.0,0.45,4.17,1.74,3.05
27,449170,TIGER KOFR금리액티브(합성),5,120,14,39,64,1.0,10.0,0.45,0.0,3.65,0.15
27,470260,TIGER 24-12 금융채(AA-이상),5,120,14,49,69,1.0,10.0,0.45,0.0,4.94,0.35
27,455890,KBSTAR 머니마켓액티브,5,120,14,49,69,1.0,10.0,0.45,0.0,4.41,0.24
27,190620,ACE 단기통안채,5,120,14,49,69,1.0,10.0,0.45,0.0,1.77,0.13
27,473290,KODEX 26-12 회사채(AA-이상)액티브,5,120,14,49,69,1.0,10.0,0.45,0.0,6.18,1.28
27,464540,KBSTAR 25-03 회사채(AA-이상)액티브,5,120,14,49,69,1.0,10.0,0.45,0.0,4.95,0.55
27,272560,KBSTAR 단기국공채액티브,5,120,14,49,69,1.0,10.0,0.45,0.0,2.0,0.36
27,463290,1Q 단기금융채액티브,5,120,14,49,69,1.0,10.0,0.45,0.0,4.58,0.26
27,438330,TIGER 투자등급회사채액티브,5,120,14,49,69,1.0,10.0,0.45,0.0,6.21,2.23
27,469820,SOL 24-12 회사채(AA-이상)액티브,5,120,14,49,69,1.0,10.0,0.45,0.0,5.13,0.34
27,461270,ACE 26-06 회사채(AA-이상)액티브,5,120,14,49,69,1.0,10.0,0.45,0.0,6.29,1.4
27,454780,히어로즈 종합채권(AA-이상)액티브,5,120,14,49,69,1.0,10.0,0.45,0.0,4.98,4.32
27,439860,KODEX ESG종합채권(A-이상)액티브,5,120,14,49,69,1.0,10.0,0.45,0.0,5.42,2.08
27,464230,히어로즈 24-09 회사채(AA-이상)액티브,5,120,14,49,69,1.0,10.0,0.45,0.0,4.18,0.38
27,278620,ARIRANG 단기채권액티브,5,120,14,49,69,1.0,10.0,0.45,0.0,1.94,0.42
27,462540,SOL 25-09 회사채(AA-이상)액티브,5,120,14,49,69,1.0,10.0,0.45,0.0,5.7,1.01
27,480260,TIGER 27-04회사채(A+이상)액티브,5,120,14,49,69,1.0,10.0,0.45,0.0,9.38,1.19
27,473440,ACE 11월만기자동연장회사채AA-이상액티브,5,120,14,49,69,1.0,10.0,0.45,0.0,4.59,1.79
27,484890,SOL 머니마켓액티브,5,120,14,49,69,1.0,10.0,0.45,0.0,4.14,0.12
27,475260,ACE 2월만기자동연장회사채AA-이상액티브,5,120,14,49,69,1.0,10.0,0.45,0.0,4.6,0.5
27,448880,ACE 24-12 회사채(AA-이상)액티브,5,120,14,49,69,1.0,10.0,0.45,0.0,6.77,0.92
27,273140,KODEX 단기변동금리부채권액티브,5,120,14,49,69,1.0,10.0,0.45,0.0,1.87,0.25
27,465680,KODEX 24-12 은행채(AA+이상)액티브,5,120,14,49,69,1.0,10.0,0.45,0.0,4.34,0.59
27,272580,TIGER 단기채권액티브,5,120,14,49,69,1.0,10.0,0.45,0.0,1.91,0.22
27,214980,KODEX 단기채권PLUS,5,120,14,49,69,1.0,10.0,0.45,0.0,1.81,0.18
27,475630,TIGER CD1년금리액티브(합성),5,120,14,49,69,1.0,10.0,0.45,0.0,3.84,0.14
27,481050,KODEX 1년은행양도성예금증서+액티브(합성),5,120,14,49,69,1.0,10.0,0.45,0.0,3.95,0.15
27,453540,TIGER 25-10 회사채(A+이상)액티브,5,120,14,49,69,1.0,10.0,0.45,0.0,4.65,1.46
27,476810,KODEX 25-11 은행채(AA-이상)PLUS액티브,5,120,14,49,69,1.0,10.0,0.45,0.0,5.99,0.85
27,447820,TIGER 24-10 회사채(A+이상)액티브,5,120,14,49,69,1.0,10.0,0.45,0.0,6.36,1.2
27,153130,KODEX 단기채권,5,120,14,49,69,1.0,10.0,0.45,0.0,1.93,0.34
27,451540,TIGER 종합채권(AA-이상)액티브,5,120,14,49,69,1.0,10.0,0.45,0.0,5.14,4.07
27,479080,1Q 머니마켓액티브,5,120,14,49,69,1.0,10.0,0.45,0.0,4.64,0.18
27,196230,KBSTAR 단기통안채,5,120,14,49,69,1.0,10.0,0.45,0.0,1.78,0.21
27,477080,KBSTAR CD금리액티브(합성),5,120,14,49,69,1.0,10.0,0.45,0.0,3.84,0.14
27,469830,SOL 초단기채권액티브,5,120,14,49,69,1.0,10.0,0.45,0.0,4.6,0.21
27,477050,ARIRANG 머니마켓액티브,5,120,14,49,69,1.0,10.0,0.45,0.0,4.1,0.22
27,467940,KODEX 25-11 회사채(A+이상)액티브,5,120,14,49,69,1.0,10.0,0.45,0.0,6.88,1.08
27,451000,ARIRANG 종합채권(AA-이상)액티브,5,120,14,49,69,1.0,10.0,0.45,0.0,5.79,4.81
27,476450,히어로즈 머니마켓액티브,5,120,14,49,69,1.0,10.0,0.45,0.0,4.26,0.32
27,458210,히어로즈 CD금리액티브(합성),5,120,14,49,69,1.0,10.0,0.45,0.0,3.67,0.26
27,472920,HK 종합채권(AA-이상)액티브,5,120,14,49,69,1.0,10.0,0.45,0.0,8.83,3.31
27,466400,1Q 25-08 회사채(A+이상)액티브,5,120,14,49,69,1.0,10.0,0.45,0.0,6.78,0.86
27,453060,HANARO KOFR금리액티브(합성),5,120,14,49,69,1.0,10.0,0.45,0.0,3.72,0.17
27,114100,KBSTAR 국고채3년,5,120,14,49,69,1.0,10.0,0.45,3.08,2.88,1.8
27,363510,SOL KIS단기통안채,5,120,14,49,69,1.0,10.0,0.45,0.0,1.95,0.29
27,475280,ACE 8월만기자동연장회사채AA-이상액티브,5,120,14,49,69,1.0,10.0,0.45,0.0,4.02,0.51
27,438560,SOL 국고채3년,5,120,14,49,69,1.0,10.0,0.45,0.0,4.29,2.83
27,239660,ARIRANG 우량회사채50 1년,5,120,14,49,69,1.0,10.0,0.45,0.0,1.89,0.52
27,272570,KBSTAR 중장기국공채액티브,5,120,14,49,69,1.0,10.0,0.45,3.26,1.75,2.88
27,114470,KOSEF 국고채3년,5,120,14,49,69,1.0,10.0,0.45,3.18,2.86,1.75
27,471290,HANARO CD금리액티브(합성),5,120,14,49,69,1.0,10.0,0.45,0.0,3.65,0.18
27,470320,BNK 24-11 회사채(AA-이상)액티브,5,120,14,49,69,1.0,10.0,0.45,0.0,5.25,0.29
27,430500,KOSEF 물가채KIS,5,120,14,49,69,1.0,10.0,0.45,0.0,6.8,4.65
27,432600,KBSTAR 국채선물3년,5,120,14,49,69,1.0,10.0,0.45,0.0,3.76,3.69
27,292770,KODEX 국채선물3년인버스,5,120,14,49,69,1.0,10.0,0.45,0.9,1.42,2.17
27,298340,ARIRANG 국채선물3년,5,120,14,49,69,1.0,10.0,0.45,1.65,1.64,2.08
27,390950,HANARO 단기채권액티브,5,120,14,49,69,1.0,10.0,0.45,0.0,2.34,0.27
27,459580,KODEX CD금리액티브(합성),5,120,14,39,64,1.0,10.0,0.45,0.0,3.81,0.15
27,357870,TIGER CD금리투자KIS(합성),5,120,14,39,64,1.0,10.0,0.45,0.0,2.24,0.23
27,336160,KBSTAR 금융채액티브,5,120,14,49,69,1.0,10.0,0.45,7.06,1.94,2.03
27,272910,ACE 중장기국공채액티브,5,120,14,49,69,1.0,10.0,0.45,6.08,1.75,2.49
27,458030,WOORI 단기국공채액티브,5,120,14,49,69,1.0,10.0,0.45,0.0,3.98,0.24
27,122260,KOSEF 통안채1년,5,120,14,49,69,1.0,10.0,0.45,0.0,2.39,1.33
27,468820,WOORI 25-09 회사채(AA-이상)액티브,5,120,14,49,69,1.0,10.0,0.45,0.0,8.41,0.74
27,282000,KBSTAR 국고채3년선물인버스,5,120,14,49,69,1.0,10.0,0.45,0.76,1.3,2.16
27,130730,KOSEF 단기자금,5,120,14,49,69,1.0,10.0,0.45,0.0,2.2,0.45
27,461260,ACE 25-06 회사채(AA-이상)액티브,5,120,14,49,69,1.0,10.0,0.45,0.0,5.26,0.97
27,453010,ARIRANG KOFR금리,5,120,14,49,69,1.0,10.0,0.45,0.0,3.57,0.15
27,419890,히어로즈 단기채권ESG액티브,5,120,14,49,69,1.0,10.0,0.45,0.0,3.59,0.58
27,448600,KBSTAR 25-11 회사채(AA-이상)액티브,5,120,14,49,69,1.0,10.0,0.45,0.0,7.4,1.89
27,483230,KBSTAR 25-06 은행채(AA+이상)액티브,5,120,14,49,69,1.0,10.0,0.45,0.0,5.93,0.36
27,465780,마이티 26-09 특수채(AAA)액티브,5,120,14,49,69,1.0,10.0,0.45,0.0,7.41,1.64
27,475270,ACE 5월만기자동연장회사채AA-이상액티브,5,120,14,49,69,1.0,10.0,0.45,0.0,4.37,0.5
27,464240,히어로즈 26-09 회사채(AA-이상)액티브,5,120,14,49,69,1.0,10.0,0.45,0.0,6.91,1.53
27,136340,KBSTAR 중기우량회사채,5,120,14,49,69,1.0,10.0,0.45,6.67,2.91,1.36
27,440640,ACE 단기채권알파액티브,5,120,14,49,69,1.0,10.0,0.45,0.0,3.81,0.34
27,397410,KBSTAR 국채선물5년추종인버스,5,120,14,49,69,1.0,10.0,0.45,0.0,4.11,4.48
27,479520,KBSTAR KOFR금리액티브(합성),5,120,14,49,69,1.0,10.0,0.45,0.0,3.69,0.15
27,423160,KODEX KOFR금리액티브(합성),5,120,14,39,64,1.0,10.0,0.45,0.0,3.32,0.13
27,357870,TIGER CD금리투자KIS(합성),5,120,14,44,64,1.0,10.0,0.45,0.0,2.24,0.23
27,273130,KODEX 종합채권(AA-이상)액티브,5,120,14,39,64,1.0,10.0,0.45,3.93,1.74,3.05
27,458210,히어로즈 CD금리액티브(합성),5,120,14,39,64,1.0,10.0,0.45,0.0,3.67,0.26
27,479520,KBSTAR KOFR금리액티브(합성),5,120,14,39,64,1.0,10.0,0.45,0.0,3.69,0.15
27,397410,KBSTAR 국채선물5년추종인버스,5,120,14,39,64,1.0,10.0,0.45,0.0,4.11,4.48
27,440640,ACE 단기채권알파액티브,5,120,14,39,64,1.0,10.0,0.45,0.0,3.81,0.34
27,136340,KBSTAR 중기우량회사채,5,120,14,39,64,1.0,10.0,0.45,7.5,2.91,1.36
27,464240,히어로즈 26-09 회사채(AA-이상)액티브,5,120,14,39,64,1.0,10.0,0.45,0.0,6.91,1.53
27,475270,ACE 5월만기자동연장회사채AA-이상액티브,5,120,14,39,64,1.0,10.0,0.45,0.0,4.37,0.5
27,465780,마이티 26-09 특수채(AAA)액티브,5,120,14,39,64,1.0,10.0,0.45,0.0,7.41,1.64
27,483230,KBSTAR 25-06 은행채(AA+이상)액티브,5,120,14,39,64,1.0,10.0,0.45,0.0,5.93,0.36
27,448600,KBSTAR 25-11 회사채(AA-이상)액티브,5,120,14,39,64,1.0,10.0,0.45,0.0,7.4,1.89
27,419890,히어로즈 단기채권ESG액티브,5,120,14,39,64,1.0,10.0,0.45,0.0,3.59,0.58
27,453010,ARIRANG KOFR금리,5,120,14,39,64,1.0,10.0,0.45,0.0,3.57,0.15
27,461260,ACE 25-06 회사채(AA-이상)액티브,5,120,14,39,64,1.0,10.0,0.45,0.0,5.26,0.97
27,130730,KOSEF 단기자금,5,120,14,39,64,1.0,10.0,0.45,0.0,2.2,0.45
27,282000,KBSTAR 국고채3년선물인버스,5,120,14,39,64,1.0,10.0,0.45,0.95,1.3,2.16
27,468820,WOORI 25-09 회사채(AA-이상)액티브,5,120,14,39,64,1.0,10.0,0.45,0.0,8.41,0.74
27,470320,BNK 24-11 회사채(AA-이상)액티브,5,120,14,39,64,1.0,10.0,0.45,0.0,5.25,0.29
27,466400,1Q 25-08 회사채(A+이상)액티브,5,120,14,39,64,1.0,10.0,0.45,0.0,6.78,0.86
27,122260,KOSEF 통안채1년,5,120,14,39,64,1.0,10.0,0.45,0.0,2.39,1.33
27,458030,WOORI 단기국공채액티브,5,120,14,39,64,1.0,10.0,0.45,0.0,3.98,0.24
27,272910,ACE 중장기국공채액티브,5,120,14,39,64,1.0,10.0,0.45,5.94,1.75,2.49
27,471290,HANARO CD금리액티브(합성),5,120,14,39,64,1.0,10.0,0.45,0.0,3.65,0.18
27,459580,KODEX CD금리액티브(합성),5,120,14,44,64,1.0,10.0,0.45,0.0,3.81,0.15
27,423160,KODEX KOFR금리액티브(합성),5,120,14,49,69,1.0,10.0,0.45,0.0,3.32,0.13
27,390950,HANARO 단기채권액티브,5,120,14,39,64,1.0,10.0,0.45,0.0,2.34,0.27
27,298340,ARIRANG 국채선물3년,5,120,14,39,64,1.0,10.0,0.45,2.4,1.64,2.08
27,292770,KODEX 국채선물3년인버스,5,120,14,39,64,1.0,10.0,0.45,0.9,1.42,2.17
27,432600,KBSTAR 국채선물3년,5,120,14,39,64,1.0,10.0,0.45,0.0,3.76,3.69
27,430500,KOSEF 물가채KIS,5,120,14,39,64,1.0,10.0,0.45,0.0,6.8,4.65
27,453060,HANARO KOFR금리액티브(합성),5,120,14,39,64,1.0,10.0,0.45,0.0,3.72,0.17
27,336160,KBSTAR 금융채액티브,5,120,14,39,64,1.0,10.0,0.45,6.47,1.94,2.03
27,114470,KOSEF 국고채3년,5,120,14,39,64,1.0,10.0,0.45,3.14,2.86,1.75
27,272570,KBSTAR 중장기국공채액티브,5,120,14,39,64,1.0,10.0,0.45,3.06,1.75,2.88
27,239660,ARIRANG 우량회사채50 1년,5,120,14,39,64,1.0,10.0,0.45,0.0,1.89,0.52
27,438560,SOL 국고채3년,5,120,14,39,64,1.0,10.0,0.45,0.0,4.29,2.83
27,475280,ACE 8월만기자동연장회사채AA-이상액티브,5,120,14,39,64,1.0,10.0,0.45,0.0,4.02,0.51
27,363510,SOL KIS단기통안채,5,120,14,39,64,1.0,10.0,0.45,0.0,1.95,0.29
27,114100,KBSTAR 국고채3년,5,120,14,39,64,1.0,10.0,0.45,2.94,2.88,1.8
27,472920,HK 종합채권(AA-이상)액티브,5,120,14,39,64,1.0,10.0,0.45,0.0,8.83,3.31
27,475260,ACE 2월만기자동연장회사채AA-이상액티브,5,120,14,39,64,1.0,10.0,0.45,0.0,4.6,0.5
27,465680,KODEX 24-12 은행채(AA+이상)액티브,5,120,14,39,64,1.0,10.0,0.45,0.0,4.34,0.59
27,385550,KBSTAR 단기종합채권(AA-이상)액티브,5,120,14,39,64,1.0,10.0,0.45,0.0,2.84,0.35
27,451000,ARIRANG 종합채권(AA-이상)액티브,5,120,14,39,64,1.0,10.0,0.45,0.0,5.79,4.81
27,467940,KODEX 25-11 회사채(A+이상)액티브,5,120,14,39,64,1.0,10.0,0.45,0.0,6.88,1.08
27,477050,ARIRANG 머니마켓액티브,5,120,14,39,64,1.0,10.0,0.45,0.0,4.1,0.22
27,469830,SOL 초단기채권액티브,5,120,14,39,64,1.0,10.0,0.45,0.0,4.6,0.21
27,477080,KBSTAR CD금리액티브(합성),5,120,14,39,64,1.0,10.0,0.45,0.0,3.84,0.14
27,196230,KBSTAR 단기통안채,5,120,14,39,64,1.0,10.0,0.45,0.0,1.78,0.21
27,451540,TIGER 종합채권(AA-이상)액티브,5,120,14,39,64,1.0,10.0,0.45,0.0,5.14,4.07
27,272580,TIGER 단기채권액티브,5,120,14,39,64,1.0,10.0,0.45,0.0,1.91,0.22
27,153130,KODEX 단기채권,5,120,14,39,64,1.0,10.0,0.45,0.0,1.93,0.34
27,447820,TIGER 24-10 회사채(A+이상)액티브,5,120,14,39,64,1.0,10.0,0.45,0.0,6.36,1.2
27,476810,KODEX 25-11 은행채(AA-이상)PLUS액티브,5,120,14,39,64,1.0,10.0,0.45,0.0,5.99,0.85
27,453540,TIGER 25-10 회사채(A+이상)액티브,5,120,14,39,64,1.0,10.0,0.45,0.0,4.65,1.46
27,481050,KODEX 1년은행양도성예금증서+액티브(합성),5,120,14,39,64,1.0,10.0,0.45,0.0,3.95,0.15
27,475630,TIGER CD1년금리액티브(합성),5,120,14,39,64,1.0,10.0,0.45,0.0,3.84,0.14
27,214980,KODEX 단기채권PLUS,5,120,14,39,64,1.0,10.0,0.45,0.0,1.81,0.18
27,455890,KBSTAR 머니마켓액티브,5,120,14,39,64,1.0,10.0,0.45,0.0,4.41,0.24
27,470260,TIGER 24-12 금융채(AA-이상),5,120,14,39,64,1.0,10.0,0.45,0.0,4.94,0.35
27,476450,히어로즈 머니마켓액티브,5,120,14,39,64,1.0,10.0,0.45,0.0,4.26,0.32
27,479080,1Q 머니마켓액티브,5,120,14,39,64,1.0,10.0,0.45,0.0,4.64,0.18
27,273140,KODEX 단기변동금리부채권액티브,5,120,14,39,64,1.0,10.0,0.45,0.0,1.87,0.25
27,190620,ACE 단기통안채,5,120,14,39,64,1.0,10.0,0.45,0.0,1.77,0.13
27,484890,SOL 머니마켓액티브,5,120,14,39,64,1.0,10.0,0.45,0.0,4.14,0.12
27,473440,ACE 11월만기자동연장회사채AA-이상액티브,5,120,14,39,64,1.0,10.0,0.45,0.0,4.59,1.79
27,480260,TIGER 27-04회사채(A+이상)액티브,5,120,14,39,64,1.0,10.0,0.45,0.0,9.38,1.19
27,462540,SOL 25-09 회사채(AA-이상)액티브,5,120,14,39,64,1.0,10.0,0.45,0.0,5.7,1.01
27,278620,ARIRANG 단기채권액티브,5,120,14,39,64,1.0,10.0,0.45,0.0,1.94,0.42
27,464230,히어로즈 24-09 회사채(AA-이상)액티브,5,120,14,39,64,1.0,10.0,0.45,0.0,4.18,0.38
27,454780,히어로즈 종합채권(AA-이상)액티브,5,120,14,39,64,1.0,10.0,0.45,0.0,4.98,4.32
27,461270,ACE 26-06 회사채(AA-이상)액티브,5,120,14,39,64,1.0,10.0,0.45,0.0,6.29,1.4
27,439860,KODEX ESG종합채권(A-이상)액티브,5,120,14,39,64,1.0,10.0,0.45,0.0,5.42,2.08
27,469820,SOL 24-12 회사채(AA-이상)액티브,5,120,14,39,64,1.0,10.0,0.45,0.0,5.13,0.34
27,438330,TIGER 투자등급회사채액티브,5,120,14,39,64,1.0,10.0,0.45,0.0,6.21,2.23
27,463290,1Q 단기금융채액티브,5,120,14,39,64,1.0,10.0,0.45,0.0,4.58,0.26
27,272560,KBSTAR 단기국공채액티브,5,120,14,39,64,1.0,10.0,0.45,0.0,2.0,0.36
27,464540,KBSTAR 25-03 회사채(AA-이상)액티브,5,120,14,39,64,1.0,10.0,0.45,0.0,4.95,0.55
27,473290,KODEX 26-12 회사채(AA-이상)액티브,5,120,14,39,64,1.0,10.0,0.45,0.0,6.18,1.28
27,448880,ACE 24-12 회사채(AA-이상)액티브,5,120,14,39,64,1.0,10.0,0.45,0.0,6.77,0.92
27,449170,TIGER KOFR금리액티브(합성),5,120,14,49,69,1.0,10.0,0.45,0.0,3.65,0.15
27,385550,KBSTAR 단기종합채권(AA-이상)액티브,5,120,14,49,69,1.0,10.0,0.45,0.0,2.84,0.35
27,136340,KBSTAR 중기우량회사채,5,120,14,44,64,1.0,10.0,0.45,7.5,2.91,1.36
27,484890,SOL 머니마켓액티브,5,120,14,44,64,1.0,10.0,0.45,0.0,4.14,0.12
27,479080,1Q 머니마켓액티브,5,120,14,44,64,1.0,10.0,0.45,0.0,4.64,0.18
27,273140,KODEX 단기변동금리부채권액티브,5,120,14,44,64,1.0,10.0,0.45,0.0,1.87,0.25
27,439860,KODEX ESG종합채권(A-이상)액티브,5,120,14,44,64,1.0,10.0,0.45,0.0,5.42,2.08
27,448880,ACE 24-12 회사채(AA-이상)액티브,5,120,14,44,64,1.0,10.0,0.45,0.0,6.77,0.92
27,473290,KODEX 26-12 회사채(AA-이상)액티브,5,120,14,44,64,1.0,10.0,0.45,0.0,6.18,1.28
27,464540,KBSTAR 25-03 회사채(AA-이상)액티브,5,120,14,44,64,1.0,10.0,0.45,0.0,4.95,0.55
27,272560,KBSTAR 단기국공채액티브,5,120,14,44,64,1.0,10.0,0.45,0.0,2.0,0.36
27,463290,1Q 단기금융채액티브,5,120,14,44,64,1.0,10.0,0.45,0.0,4.58,0.26
27,438330,TIGER 투자등급회사채액티브,5,120,14,44,64,1.0,10.0,0.45,0.0,6.21,2.23
27,469820,SOL 24-12 회사채(AA-이상)액티브,5,120,14,44,64,1.0,10.0,0.45,0.0,5.13,0.34
27,461270,ACE 26-06 회사채(AA-이상)액티브,5,120,14,44,64,1.0,10.0,0.45,0.0,6.29,1.4
27,190620,ACE 단기통안채,5,120,14,44,64,1.0,10.0,0.45,0.0,1.77,0.13
27,454780,히어로즈 종합채권(AA-이상)액티브,5,120,14,44,64,1.0,10.0,0.45,0.0,4.98,4.32
27,464230,히어로즈 24-09 회사채(AA-이상)액티브,5,120,14,44,64,1.0,10.0,0.45,0.0,4.18,0.38
27,278620,ARIRANG 단기채권액티브,5,120,14,44,64,1.0,10.0,0.45,0.0,1.94,0.42
27,462540,SOL 25-09 회사채(AA-이상)액티브,5,120,14,44,64,1.0,10.0,0.45,0.0,5.7,1.01
27,480260,TIGER 27-04회사채(A+이상)액티브,5,120,14,44,64,1.0,10.0,0.45,0.0,9.38,1.19
27,476450,히어로즈 머니마켓액티브,5,120,14,44,64,1.0,10.0,0.45,0.0,4.26,0.32
27,451000,ARIRANG 종합채권(AA-이상)액티브,5,120,14,44,64,1.0,10.0,0.45,0.0,5.79,4.81
27,467940,KODEX 25-11 회사채(A+이상)액티브,5,120,14,44,64,1.0,10.0,0.45,0.0,6.88,1.08
27,481050,KODEX 1년은행양도성예금증서+액티브(합성),5,120,14,44,64,1.0,10.0,0.45,0.0,3.95,0.15
27,449170,TIGER KOFR금리액티브(합성),5,120,14,44,64,1.0,10.0,0.45,0.0,3.65,0.15
27,273130,KODEX 종합채권(AA-이상)액티브,5,120,14,44,64,1.0,10.0,0.45,3.93,1.74,3.05
27,465680,KODEX 24-12 은행채(AA+이상)액티브,5,120,14,44,64,1.0,10.0,0.45,0.0,4.34,0.59
27,470260,TIGER 24-12 금융채(AA-이상),5,120,14,44,64,1.0,10.0,0.45,0.0,4.94,0.35
27,455890,KBSTAR 머니마켓액티브,5,120,14,44,64,1.0,10.0,0.45,0.0,4.41,0.24
27,214980,KODEX 단기채권PLUS,5,120,14,44,64,1.0,10.0,0.45,0.0,1.81,0.18
27,475630,TIGER CD1년금리액티브(합성),5,120,14,44,64,1.0,10.0,0.45,0.0,3.84,0.14
27,453540,TIGER 25-10 회사채(A+이상)액티브,5,120,14,44,64,1.0,10.0,0.45,0.0,4.65,1.46
27,477050,ARIRANG 머니마켓액티브,5,120,14,44,64,1.0,10.0,0.45,0.0,4.1,0.22
27,476810,KODEX 25-11 은행채(AA-이상)PLUS액티브,5,120,14,44,64,1.0,10.0,0.45,0.0,5.99,0.85
27,447820,TIGER 24-10 회사채(A+이상)액티브,5,120,14,44,64,1.0,10.0,0.45,0.0,6.36,1.2
27,153130,KODEX 단기채권,5,120,14,44,64,1.0,10.0,0.45,0.0,1.93,0.34
27,272580,TIGER 단기채권액티브,5,120,14,44,64,1.0,10.0,0.45,0.0,1.91,0.22
27,451540,TIGER 종합채권(AA-이상)액티브,5,120,14,44,64,1.0,10.0,0.45,0.0,5.14,4.07
27,477080,KBSTAR CD금리액티브(합성),5,120,14,44,64,1.0,10.0,0.45,0.0,3.84,0.14
27,469830,SOL 초단기채권액티브,5,120,14,44,64,1.0,10.0,0.45,0.0,4.6,0.21
27,473440,ACE 11월만기자동연장회사채AA-이상액티브,5,120,14,44,64,1.0,10.0,0.45,0.0,4.59,1.79
27,385550,KBSTAR 단기종합채권(AA-이상)액티브,5,120,14,44,64,1.0,10.0,0.45,0.0,2.84,0.35
27,390950,HANARO 단기채권액티브,5,120,14,44,64,1.0,10.0,0.45,0.0,2.34,0.27
27,475260,ACE 2월만기자동연장회사채AA-이상액티브,5,120,14,44,64,1.0,10.0,0.45,0.0,4.6,0.5
27,272910,ACE 중장기국공채액티브,5,120,14,44,64,1.0,10.0,0.45,5.94,1.75,2.49
27,336160,KBSTAR 금융채액티브,5,120,14,44,64,1.0,10.0,0.45,6.47,1.94,2.03
27,114100,KBSTAR 국고채3년,5,120,14,44,64,1.0,10.0,0.45,2.94,2.88,1.8
27,363510,SOL KIS단기통안채,5,120,14,44,64,1.0,10.0,0.45,0.0,1.95,0.29
27,475280,ACE 8월만기자동연장회사채AA-이상액티브,5,120,14,44,64,1.0,10.0,0.45,0.0,4.02,0.51
27,438560,SOL 국고채3년,5,120,14,44,64,1.0,10.0,0.45,0.0,4.29,2.83
27,239660,ARIRANG 우량회사채50 1년,5,120,14,44,64,1.0,10.0,0.45,0.0,1.89,0.52
27,272570,KBSTAR 중장기국공채액티브,5,120,14,44,64,1.0,10.0,0.45,3.06,1.75,2.88
27,114470,KOSEF 국고채3년,5,120,14,44,64,1.0,10.0,0.45,3.14,2.86,1.75
27,453060,HANARO KOFR금리액티브(합성),5,120,14,44,64,1.0,10.0,0.45,0.0,3.72,0.17
27,471290,HANARO CD금리액티브(합성),5,120,14,44,64,1.0,10.0,0.45,0.0,3.65,0.18
27,430500,KOSEF 물가채KIS,5,120,14,44,64,1.0,10.0,0.45,0.0,6.8,4.65
27,432600,KBSTAR 국채선물3년,5,120,14,44,64,1.0,10.0,0.45,0.0,3.76,3.69
27,292770,KODEX 국채선물3년인버스,5,120,14,44,64,1.0,10.0,0.45,0.9,1.42,2.17
27,298340,ARIRANG 국채선물3년,5,120,14,44,64,1.0,10.0,0.45,2.4,1.64,2.08
27,357870,TIGER CD금리투자KIS(합성),5,120,14,49,69,1.0,10.0,0.45,0.0,2.24,0.23
27,459580,KODEX CD금리액티브(합성),5,120,14,49,69,1.0,10.0,0.45,0.0,3.81,0.15
27,458030,WOORI 단기국공채액티브,5,120,14,44,64,1.0,10.0,0.45,0.0,3.98,0.24
27,122260,KOSEF 통안채1년,5,120,14,44,64,1.0,10.0,0.45,0.0,2.39,1.33
27,479520,KBSTAR KOFR금리액티브(합성),5,120,14,44,64,1.0,10.0,0.45,0.0,3.69,0.15
27,461260,ACE 25-06 회사채(AA-이상)액티브,5,120,14,44,64,1.0,10.0,0.45,0.0,5.26,0.97
27,458210,히어로즈 CD금리액티브(합성),5,120,14,44,64,1.0,10.0,0.45,0.0,3.67,0.26
27,472920,HK 종합채권(AA-이상)액티브,5,120,14,44,64,1.0,10.0,0.45,0.0,8.83,3.31
27,466400,1Q 25-08 회사채(A+이상)액티브,5,120,14,44,64,1.0,10.0,0.45,0.0,6.78,0.86
27,470320,BNK 24-11 회사채(AA-이상)액티브,5,120,14,44,64,1.0,10.0,0.45,0.0,5.25,0.29
27,468820,WOORI 25-09 회사채(AA-이상)액티브,5,120,14,44,64,1.0,10.0,0.45,0.0,8.41,0.74
27,282000,KBSTAR 국고채3년선물인버스,5,120,14,44,64,1.0,10.0,0.45,0.76,1.3,2.16
27,130730,KOSEF 단기자금,5,120,14,44,64,1.0,10.0,0.45,0.0,2.2,0.45
27,453010,ARIRANG KOFR금리,5,120,14,44,64,1.0,10.0,0.45,0.0,3.57,0.15
27,397410,KBSTAR 국채선물5년추종인버스,5,120,14,44,64,1.0,10.0,0.45,0.0,4.11,4.48
27,419890,히어로즈 단기채권ESG액티브,5,120,14,44,64,1.0,10.0,0.45,0.0,3.59,0.58
27,448600,KBSTAR 25-11 회사채(AA-이상)액티브,5,120,14,44,64,1.0,10.0,0.45,0.0,7.4,1.89
27,483230,KBSTAR 25-06 은행채(AA+이상)액티브,5,120,14,44,64,1.0,10.0,0.45,0.0,5.93,0.36
27,465780,마이티 26-09 특수채(AAA)액티브,5,120,14,44,64,1.0,10.0,0.45,0.0,7.41,1.64
27,475270,ACE 5월만기자동연장회사채AA-이상액티브,5,120,14,44,64,1.0,10.0,0.45,0.0,4.37,0.5
27,464240,히어로즈 26-09 회사채(AA-이상)액티브,5,120,14,44,64,1.0,10.0,0.45,0.0,6.91,1.53
27,440640,ACE 단기채권알파액티브,5,120,14,44,64,1.0,10.0,0.45,0.0,3.81,0.34
27,423160,KODEX KOFR금리액티브(합성),5,120,14,44,64,1.0,10.0,0.45,0.0,3.32,0.13
27,196230,KBSTAR 단기통안채,5,120,14,44,64,1.0,10.0,0.45,0.0,1.78,0.21
27,484890,SOL 머니마켓액티브,5,120,14,49,64,1.0,10.0,0.44,0.0,4.14,0.12
27,336160,KBSTAR 금융채액티브,5,120,14,49,64,1.0,10.0,0.44,6.47,1.94,2.03
27,363510,SOL KIS단기통안채,5,120,14,49,64,1.0,10.0,0.44,0.0,1.95,0.29
27,475280,ACE 8월만기자동연장회사채AA-이상액티브,5,120,14,49,64,1.0,10.0,0.44,0.0,4.02,0.51
27,438560,SOL 국고채3년,5,120,14,49,64,1.0,10.0,0.44,0.0,4.29,2.83
27,239660,ARIRANG 우량회사채50 1년,5,120,14,49,64,1.0,10.0,0.44,0.0,1.89,0.52
27,272570,KBSTAR 중장기국공채액티브,5,120,14,49,64,1.0,10.0,0.44,3.06,1.75,2.88
27,114470,KOSEF 국고채3년,5,120,14,49,64,1.0,10.0,0.44,3.14,2.86,1.75
27,453060,HANARO KOFR금리액티브(합성),5,120,14,49,64,1.0,10.0,0.44,0.0,3.72,0.17
27,471290,HANARO CD금리액티브(합성),5,120,14,49,64,1.0,10.0,0.44,0.0,3.65,0.18
27,430500,KOSEF 물가채KIS,5,120,14,49,64,1.0,10.0,0.44,0.0,6.8,4.65
27,432600,KBSTAR 국채선물3년,5,120,14,49,64,1.0,10.0,0.44,0.0,3.76,3.69
27,292770,KODEX 국채선물3년인버스,5,120,14,49,64,1.0,10.0,0.44,0.9,1.42,2.17
27,298340,ARIRANG 국채선물3년,5,120,14,49,64,1.0,10.0,0.44,1.25,1.64,2.08
27,390950,HANARO 단기채권액티브,5,120,14,49,64,1.0,10.0,0.44,0.0,2.34,0.27
27,458210,히어로즈 CD금리액티브(합성),5,120,14,49,64,1.0,10.0,0.44,0.0,3.67,0.26
27,385550,KBSTAR 단기종합채권(AA-이상)액티브,5,120,14,49,64,1.0,10.0,0.44,0.0,2.84,0.35
27,449170,TIGER KOFR금리액티브(합성),5,120,14,49,64,1.0,10.0,0.44,0.0,3.65,0.15
27,423160,KODEX KOFR금리액티브(합성),5,120,14,49,64,1.0,10.0,0.44,0.0,3.32,0.13
27,114100,KBSTAR 국고채3년,5,120,14,49,64,1.0,10.0,0.44,2.94,2.88,1.8
27,272910,ACE 중장기국공채액티브,5,120,14,49,64,1.0,10.0,0.44,5.94,1.75,2.49
27,459580,KODEX CD금리액티브(합성),5,120,14,49,64,1.0,10.0,0.44,0.0,3.81,0.15
27,458030,WOORI 단기국공채액티브,5,120,14,49,64,1.0,10.0,0.44,0.0,3.98,0.24
27,470320,BNK 24-11 회사채(AA-이상)액티브,5,120,14,49,64,1.0,10.0,0.44,0.0,5.25,0.29
27,468820,WOORI 25-09 회사채(AA-이상)액티브,5,120,14,49,64,1.0,10.0,0.44,0.0,8.41,0.74
27,282000,KBSTAR 국고채3년선물인버스,5,120,14,49,64,1.0,10.0,0.44,0.76,1.3,2.16
27,130730,KOSEF 단기자금,5,120,14,49,64,1.0,10.0,0.44,0.0,2.2,0.45
27,461260,ACE 25-06 회사채(AA-이상)액티브,5,120,14,49,64,1.0,10.0,0.44,0.0,5.26,0.97
27,453010,ARIRANG KOFR금리,5,120,14,49,64,1.0,10.0,0.44,0.0,3.57,0.15
27,419890,히어로즈 단기채권ESG액티브,5,120,14,49,64,1.0,10.0,0.44,0.0,3.59,0.58
27,448600,KBSTAR 25-11 회사채(AA-이상)액티브,5,120,14,49,64,1.0,10.0,0.44,0.0,7.4,1.89
27,483230,KBSTAR 25-06 은행채(AA+이상)액티브,5,120,14,49,64,1.0,10.0,0.44,0.0,5.93,0.36
27,465780,마이티 26-09 특수채(AAA)액티브,5,120,14,49,64,1.0,10.0,0.44,0.0,7.41,1.64
27,475270,ACE 5월만기자동연장회사채AA-이상액티브,5,120,14,49,64,1.0,10.0,0.44,0.0,4.37,0.5
27,464240,히어로즈 26-09 회사채(AA-이상)액티브,5,120,14,49,64,1.0,10.0,0.44,0.0,6.91,1.53
27,136340,KBSTAR 중기우량회사채,5,120,14,49,64,1.0,10.0,0.44,7.5,2.91,1.36
27,440640,ACE 단기채권알파액티브,5,120,14,49,64,1.0,10.0,0.44,0.0,3.81,0.34
27,397410,KBSTAR 국채선물5년추종인버스,5,120,14,49,64,1.0,10.0,0.44,0.0,4.11,4.48
27,479520,KBSTAR KOFR금리액티브(합성),5,120,14,49,64,1.0,10.0,0.44,0.0,3.69,0.15
27,122260,KOSEF 통안채1년,5,120,14,49,64,1.0,10.0,0.44,0.0,2.39,1.33
27,357870,TIGER CD금리투자KIS(합성),5,120,14,49,64,1.0,10.0,0.44,0.0,2.24,0.23
27,466400,1Q 25-08 회사채(A+이상)액티브,5,120,14,49,64,1.0,10.0,0.44,0.0,6.78,0.86
27,273130,KODEX 종합채권(AA-이상)액티브,5,120,14,49,64,1.0,10.0,0.44,3.93,1.74,3.05
27,448880,ACE 24-12 회사채(AA-이상)액티브,5,120,14,49,64,1.0,10.0,0.44,0.0,6.77,0.92
27,439860,KODEX ESG종합채권(A-이상)액티브,5,120,14,49,64,1.0,10.0,0.44,0.0,5.42,2.08
27,273140,KODEX 단기변동금리부채권액티브,5,120,14,49,64,1.0,10.0,0.44,0.0,1.87,0.25
27,479080,1Q 머니마켓액티브,5,120,14,49,64,1.0,10.0,0.44,0.0,4.64,0.18
27,476450,히어로즈 머니마켓액티브,5,120,14,49,64,1.0,10.0,0.44,0.0,4.26,0.32
27,451000,ARIRANG 종합채권(AA-이상)액티브,5,120,14,49,64,1.0,10.0,0.44,0.0,5.79,4.81
27,467940,KODEX 25-11 회사채(A+이상)액티브,5,120,14,49,64,1.0,10.0,0.44,0.0,6.88,1.08
27,477050,ARIRANG 머니마켓액티브,5,120,14,49,64,1.0,10.0,0.44,0.0,4.1,0.22
27,469830,SOL 초단기채권액티브,5,120,14,49,64,1.0,10.0,0.44,0.0,4.6,0.21
27,477080,KBSTAR CD금리액티브(합성),5,120,14,49,64,1.0,10.0,0.44,0.0,3.84,0.14
27,196230,KBSTAR 단기통안채,5,120,14,49,64,1.0,10.0,0.44,0.0,1.78,0.21
27,451540,TIGER 종합채권(AA-이상)액티브,5,120,14,49,64,1.0,10.0,0.44,0.0,5.14,4.07
27,272580,TIGER 단기채권액티브,5,120,14,49,64,1.0,10.0,0.44,0.0,1.91,0.22
27,153130,KODEX 단기채권,5,120,14,49,64,1.0,10.0,0.44,0.0,1.93,0.34
27,447820,TIGER 24-10 회사채(A+이상)액티브,5,120,14,49,64,1.0,10.0,0.44,0.0,6.36,1.2
27,476810,KODEX 25-11 은행채(AA-이상)PLUS액티브,5,120,14,49,64,1.0,10.0,0.44,0.0,5.99,0.85
27,465680,KODEX 24-12 은행채(AA+이상)액티브,5,120,14,49,64,1.0,10.0,0.44,0.0,4.34,0.59
27,453540,TIGER 25-10 회사채(A+이상)액티브,5,120,14,49,64,1.0,10.0,0.44,0.0,4.65,1.46
27,472920,HK 종합채권(AA-이상)액티브,5,120,14,49,64,1.0,10.0,0.44,0.0,8.83,3.31
27,473290,KODEX 26-12 회사채(AA-이상)액티브,5,120,14,49,64,1.0,10.0,0.44,0.0,6.18,1.28
27,454780,히어로즈 종합채권(AA-이상)액티브,5,120,14,49,64,1.0,10.0,0.44,0.0,4.98,4.32
27,475630,TIGER CD1년금리액티브(합성),5,120,14,49,64,1.0,10.0,0.44,0.0,3.84,0.14
27,470260,TIGER 24-12 금융채(AA-이상),5,120,14,49,64,1.0,10.0,0.44,0.0,4.94,0.35
27,455890,KBSTAR 머니마켓액티브,5,120,14,49,64,1.0,10.0,0.44,0.0,4.41,0.24
27,475260,ACE 2월만기자동연장회사채AA-이상액티브,5,120,14,49,64,1.0,10.0,0.44,0.0,4.6,0.5
27,473440,ACE 11월만기자동연장회사채AA-이상액티브,5,120,14,49,64,1.0,10.0,0.44,0.0,4.59,1.79
27,480260,TIGER 27-04회사채(A+이상)액티브,5,120,14,49,64,1.0,10.0,0.44,0.0,9.38,1.19
27,462540,SOL 25-09 회사채(AA-이상)액티브,5,120,14,49,64,1.0,10.0,0.44,0.0,5.7,1.01
27,278620,ARIRANG 단기채권액티브,5,120,14,49,64,1.0,10.0,0.44,0.0,1.94,0.42
27,464230,히어로즈 24-09 회사채(AA-이상)액티브,5,120,14,49,64,1.0,10.0,0.44,0.0,4.18,0.38
27,481050,KODEX 1년은행양도성예금증서+액티브(합성),5,120,14,49,64,1.0,10.0,0.44,0.0,3.95,0.15
27,190620,ACE 단기통안채,5,120,14,49,64,1.0,10.0,0.44,0.0,1.77,0.13
27,461270,ACE 26-06 회사채(AA-이상)액티브,5,120,14,49,64,1.0,10.0,0.44,0.0,6.29,1.4
27,469820,SOL 24-12 회사채(AA-이상)액티브,5,120,14,49,64,1.0,10.0,0.44,0.0,5.13,0.34
27,438330,TIGER 투자등급회사채액티브,5,120,14,49,64,1.0,10.0,0.44,0.0,6.21,2.23
27,463290,1Q 단기금융채액티브,5,120,14,49,64,1.0,10.0,0.44,0.0,4.58,0.26
27,272560,KBSTAR 단기국공채액티브,5,120,14,49,64,1.0,10.0,0.44,0.0,2.0,0.36
27,214980,KODEX 단기채권PLUS,5,120,14,49,64,1.0,10.0,0.44,0.0,1.81,0.18
27,464540,KBSTAR 25-03 회사채(AA-이상)액티브,5,120,14,49,64,1.0,10.0,0.44,0.0,4.95,0.55
27,278620,ARIRANG 단기채권액티브,5,60,14,39,79,1.0,10.0,0.42,0.0,1.94,0.42
27,190620,ACE 단기통안채,5,60,14,39,79,1.0,10.0,0.42,0.0,1.77,0.13
27,464230,히어로즈 24-09 회사채(AA-이상)액티브,5,60,14,39,79,1.0,10.0,0.42,0.0,4.18,0.38
27,475630,TIGER CD1년금리액티브(합성),5,60,14,39,79,1.0,10.0,0.42,0.0,3.84,0.14
27,451540,TIGER 종합채권(AA-이상)액티브,5,60,14,39,79,1.0,10.0,0.42,0.0,5.14,4.07
27,153130,KODEX 단기채권,5,60,14,39,79,1.0,10.0,0.42,0.0,1.93,0.34
27,447820,TIGER 24-10 회사채(A+이상)액티브,5,60,14,39,79,1.0,10.0,0.42,0.0,6.36,1.2
27,476810,KODEX 25-11 은행채(AA-이상)PLUS액티브,5,60,14,39,79,1.0,10.0,0.42,0.0,5.99,0.85
27,453540,TIGER 25-10 회사채(A+이상)액티브,5,60,14,39,79,1.0,10.0,0.42,0.0,4.65,1.46
27,481050,KODEX 1년은행양도성예금증서+액티브(합성),5,60,14,39,79,1.0,10.0,0.42,0.0,3.95,0.15
27,214980,KODEX 단기채권PLUS,5,60,14,39,79,1.0,10.0,0.42,0.0,1.81,0.18
27,477080,KBSTAR CD금리액티브(합성),5,60,14,39,79,1.0,10.0,0.42,0.0,3.84,0.14
27,455890,KBSTAR 머니마켓액티브,5,60,14,39,79,1.0,10.0,0.42,0.0,4.41,0.24
27,470260,TIGER 24-12 금융채(AA-이상),5,60,14,39,79,1.0,10.0,0.42,0.0,4.94,0.35
27,465680,KODEX 24-12 은행채(AA+이상)액티브,5,60,14,39,79,1.0,10.0,0.42,0.0,4.34,0.59
27,273130,KODEX 종합채권(AA-이상)액티브,5,60,14,39,79,1.0,10.0,0.42,4.51,1.74,3.05
27,449170,TIGER KOFR금리액티브(합성),5,60,14,39,79,1.0,10.0,0.42,0.0,3.65,0.15
27,423160,KODEX KOFR금리액티브(합성),5,60,14,39,79,1.0,10.0,0.42,0.0,3.32,0.13
27,196230,KBSTAR 단기통안채,5,60,14,39,79,1.0,10.0,0.42,0.0,1.78,0.21
27,469830,SOL 초단기채권액티브,5,60,14,39,79,1.0,10.0,0.42,0.0,4.6,0.21
27,454780,히어로즈 종합채권(AA-이상)액티브,5,60,14,39,79,1.0,10.0,0.42,0.0,4.98,4.32
27,473290,KODEX 26-12 회사채(AA-이상)액티브,5,60,14,39,79,1.0,10.0,0.42,0.0,6.18,1.28
27,461270,ACE 26-06 회사채(AA-이상)액티브,5,60,14,39,79,1.0,10.0,0.42,0.0,6.29,1.4
27,469820,SOL 24-12 회사채(AA-이상)액티브,5,60,14,39,79,1.0,10.0,0.42,0.0,5.13,0.34
27,438330,TIGER 투자등급회사채액티브,5,60,14,39,79,1.0,10.0,0.42,0.0,6.21,2.23
27,463290,1Q 단기금융채액티브,5,60,14,39,79,1.0,10.0,0.42,0.0,4.58,0.26
27,272560,KBSTAR 단기국공채액티브,5,60,14,39,79,1.0,10.0,0.42,0.0,2.0,0.36
27,464540,KBSTAR 25-03 회사채(AA-이상)액티브,5,60,14,39,79,1.0,10.0,0.42,0.0,4.95,0.55
27,448880,ACE 24-12 회사채(AA-이상)액티브,5,60,14,39,79,1.0,10.0,0.42,0.0,6.77,0.92
27,477050,ARIRANG 머니마켓액티브,5,60,14,39,79,1.0,10.0,0.42,0.0,4.1,0.22
27,439860,KODEX ESG종합채권(A-이상)액티브,5,60,14,39,79,1.0,10.0,0.42,0.0,5.42,2.08
27,273140,KODEX 단기변동금리부채권액티브,5,60,14,39,79,1.0,10.0,0.42,0.0,1.87,0.25
27,479080,1Q 머니마켓액티브,5,60,14,39,79,1.0,10.0,0.42,0.0,4.64,0.18
27,476450,히어로즈 머니마켓액티브,5,60,14,39,79,1.0,10.0,0.42,0.0,4.26,0.32
27,451000,ARIRANG 종합채권(AA-이상)액티브,5,60,14,39,79,1.0,10.0,0.42,0.0,5.79,4.81
27,467940,KODEX 25-11 회사채(A+이상)액티브,5,60,14,39,79,1.0,10.0,0.42,0.0,6.88,1.08
27,272580,TIGER 단기채권액티브,5,60,14,39,79,1.0,10.0,0.42,0.0,1.91,0.22
27,298340,ARIRANG 국채선물3년,5,60,14,39,79,1.0,10.0,0.42,3.07,1.64,2.08
27,480260,TIGER 27-04회사채(A+이상)액티브,5,60,14,39,79,1.0,10.0,0.42,0.0,9.38,1.19
27,272560,KBSTAR 단기국공채액티브,5,60,14,39,74,1.0,10.0,0.42,0.0,2.0,0.36
27,451000,ARIRANG 종합채권(AA-이상)액티브,5,60,14,39,74,1.0,10.0,0.42,0.0,5.79,4.81
27,476450,히어로즈 머니마켓액티브,5,60,14,39,74,1.0,10.0,0.42,0.0,4.26,0.32
27,479080,1Q 머니마켓액티브,5,60,14,39,74,1.0,10.0,0.42,0.0,4.64,0.18
27,273140,KODEX 단기변동금리부채권액티브,5,60,14,39,74,1.0,10.0,0.42,0.0,1.87,0.25
27,439860,KODEX ESG종합채권(A-이상)액티브,5,60,14,39,74,1.0,10.0,0.42,0.0,5.42,2.08
27,448880,ACE 24-12 회사채(AA-이상)액티브,5,60,14,39,74,1.0,10.0,0.42,0.0,6.77,0.92
27,473290,KODEX 26-12 회사채(AA-이상)액티브,5,60,14,39,74,1.0,10.0,0.42,0.0,6.18,1.28
27,464540,KBSTAR 25-03 회사채(AA-이상)액티브,5,60,14,39,74,1.0,10.0,0.42,0.0,4.95,0.55
27,463290,1Q 단기금융채액티브,5,60,14,39,74,1.0,10.0,0.42,0.0,4.58,0.26
27,473440,ACE 11월만기자동연장회사채AA-이상액티브,5,60,14,39,74,1.0,10.0,0.42,0.0,4.59,1.79
27,438330,TIGER 투자등급회사채액티브,5,60,14,39,74,1.0,10.0,0.42,0.0,6.21,2.23
27,469820,SOL 24-12 회사채(AA-이상)액티브,5,60,14,39,74,1.0,10.0,0.42,0.0,5.13,0.34
27,461270,ACE 26-06 회사채(AA-이상)액티브,5,60,14,39,74,1.0,10.0,0.42,0.0,6.29,1.4
27,190620,ACE 단기통안채,5,60,14,39,74,1.0,10.0,0.42,0.0,1.77,0.13
27,454780,히어로즈 종합채권(AA-이상)액티브,5,60,14,39,74,1.0,10.0,0.42,0.0,4.98,4.32
27,464230,히어로즈 24-09 회사채(AA-이상)액티브,5,60,14,39,74,1.0,10.0,0.42,0.0,4.18,0.38
27,278620,ARIRANG 단기채권액티브,5,60,14,39,74,1.0,10.0,0.42,0.0,1.94,0.42
27,462540,SOL 25-09 회사채(AA-이상)액티브,5,60,14,39,74,1.0,10.0,0.42,0.0,5.7,1.01
27,467940,KODEX 25-11 회사채(A+이상)액티브,5,60,14,39,74,1.0,10.0,0.42,0.0,6.88,1.08
27,477050,ARIRANG 머니마켓액티브,5,60,14,39,74,1.0,10.0,0.42,0.0,4.1,0.22
27,469830,SOL 초단기채권액티브,5,60,14,39,74,1.0,10.0,0.42,0.0,4.6,0.21
27,477080,KBSTAR CD금리액티브(합성),5,60,14,39,74,1.0,10.0,0.42,0.0,3.84,0.14
27,459580,KODEX CD금리액티브(합성),5,60,14,39,74,1.0,10.0,0.42,0.0,3.81,0.15
27,390950,HANARO 단기채권액티브,5,60,14,44,79,1.0,10.0,0.42,0.0,2.34,0.27
27,449170,TIGER KOFR금리액티브(합성),5,60,14,39,74,1.0,10.0,0.42,0.0,3.65,0.15
27,273130,KODEX 종합채권(AA-이상)액티브,5,60,14,39,74,1.0,10.0,0.42,4.51,1.74,3.05
27,465680,KODEX 24-12 은행채(AA+이상)액티브,5,60,14,39,74,1.0,10.0,0.42,0.0,4.34,0.59
27,470260,TIGER 24-12 금융채(AA-이상),5,60,14,39,74,1.0,10.0,0.42,0.0,4.94,0.35
27,455890,KBSTAR 머니마켓액티브,5,60,14,39,74,1.0,10.0,0.42,0.0,4.41,0.24
27,214980,KODEX 단기채권PLUS,5,60,14,39,74,1.0,10.0,0.42,0.0,1.81,0.18
27,475630,TIGER CD1년금리액티브(합성),5,60,14,39,74,1.0,10.0,0.42,0.0,3.84,0.14
27,481050,KODEX 1년은행양도성예금증서+액티브(합성),5,60,14,39,74,1.0,10.0,0.42,0.0,3.95,0.15
27,453540,TIGER 25-10 회사채(A+이상)액티브,5,60,14,39,74,1.0,10.0,0.42,0.0,4.65,1.46
27,476810,KODEX 25-11 은행채(AA-이상)PLUS액티브,5,60,14,39,74,1.0,10.0,0.42,0.0,5.99,0.85
27,447820,TIGER 24-10 회사채(A+이상)액티브,5,60,14,39,74,1.0,10.0,0.42,0.0,6.36,1.2
27,153130,KODEX 단기채권,5,60,14,39,74,1.0,10.0,0.42,0.0,1.93,0.34
27,272580,TIGER 단기채권액티브,5,60,14,39,74,1.0,10.0,0.42,0.0,1.91,0.22
27,451540,TIGER 종합채권(AA-이상)액티브,5,60,14,39,74,1.0,10.0,0.42,0.0,5.14,4.07
27,196230,KBSTAR 단기통안채,5,60,14,39,74,1.0,10.0,0.42,0.0,1.78,0.21
27,480260,TIGER 27-04회사채(A+이상)액티브,5,60,14,39,74,1.0,10.0,0.42,0.0,9.38,1.19
27,484890,SOL 머니마켓액티브,5,60,14,39,74,1.0,10.0,0.42,0.0,4.14,0.12
27,357870,TIGER CD금리투자KIS(합성),5,60,14,39,79,1.0,10.0,0.42,0.0,2.24,0.23
27,272570,KBSTAR 중장기국공채액티브,5,60,14,39,74,1.0,10.0,0.42,3.42,1.75,2.88
27,458030,WOORI 단기국공채액티브,5,60,14,39,74,1.0,10.0,0.42,0.0,3.98,0.24
27,272910,ACE 중장기국공채액티브,5,60,14,39,74,1.0,10.0,0.42,4.09,1.75,2.49
27,336160,KBSTAR 금융채액티브,5,60,14,39,74,1.0,10.0,0.42,4.41,1.94,2.03
27,114100,KBSTAR 국고채3년,5,60,14,39,74,1.0,10.0,0.42,3.33,2.88,1.8
27,363510,SOL KIS단기통안채,5,60,14,39,74,1.0,10.0,0.42,0.0,1.95,0.29
27,475280,ACE 8월만기자동연장회사채AA-이상액티브,5,60,14,39,74,1.0,10.0,0.42,0.0,4.02,0.51
27,438560,SOL 국고채3년,5,60,14,39,74,1.0,10.0,0.42,0.0,4.29,2.83
27,239660,ARIRANG 우량회사채50 1년,5,60,14,39,74,1.0,10.0,0.42,0.0,1.89,0.52
27,114470,KOSEF 국고채3년,5,60,14,39,74,1.0,10.0,0.42,3.41,2.86,1.75
27,385550,KBSTAR 단기종합채권(AA-이상)액티브,5,60,14,39,74,1.0,10.0,0.42,0.0,2.84,0.35
27,453060,HANARO KOFR금리액티브(합성),5,60,14,39,74,1.0,10.0,0.42,0.0,3.72,0.17
27,471290,HANARO CD금리액티브(합성),5,60,14,39,74,1.0,10.0,0.42,0.0,3.65,0.18
27,430500,KOSEF 물가채KIS,5,60,14,39,74,1.0,10.0,0.42,0.0,6.8,4.65
27,432600,KBSTAR 국채선물3년,5,60,14,39,74,1.0,10.0,0.42,0.0,3.76,3.69
27,292770,KODEX 국채선물3년인버스,5,60,14,39,74,1.0,10.0,0.42,1.65,1.42,2.17
27,298340,ARIRANG 국채선물3년,5,60,14,39,74,1.0,10.0,0.42,3.07,1.64,2.08
27,390950,HANARO 단기채권액티브,5,60,14,39,74,1.0,10.0,0.42,0.0,2.34,0.27
27,459580,KODEX CD금리액티브(합성),5,60,14,39,79,1.0,10.0,0.42,0.0,3.81,0.15
27,122260,KOSEF 통안채1년,5,60,14,39,74,1.0,10.0,0.42,0.0,2.39,1.33
27,479520,KBSTAR KOFR금리액티브(합성),5,60,14,39,74,1.0,10.0,0.42,0.0,3.69,0.15
27,397410,KBSTAR 국채선물5년추종인버스,5,60,14,39,74,1.0,10.0,0.42,0.0,4.11,4.48
27,440640,ACE 단기채권알파액티브,5,60,14,39,74,1.0,10.0,0.42,0.0,3.81,0.34
27,475260,ACE 2월만기자동연장회사채AA-이상액티브,5,60,14,39,74,1.0,10.0,0.42,0.0,4.6,0.5
27,458210,히어로즈 CD금리액티브(합성),5,60,14,39,74,1.0,10.0,0.42,0.0,3.67,0.26
27,472920,HK 종합채권(AA-이상)액티브,5,60,14,39,74,1.0,10.0,0.42,0.0,8.83,3.31
27,466400,1Q 25-08 회사채(A+이상)액티브,5,60,14,39,74,1.0,10.0,0.42,0.0,6.78,0.86
27,470320,BNK 24-11 회사채(AA-이상)액티브,5,60,14,39,74,1.0,10.0,0.42,0.0,5.25,0.29
27,468820,WOORI 25-09 회사채(AA-이상)액티브,5,60,14,39,74,1.0,10.0,0.42,0.0,8.41,0.74
27,282000,KBSTAR 국고채3년선물인버스,5,60,14,39,74,1.0,10.0,0.42,1.71,1.3,2.16
27,130730,KOSEF 단기자금,5,60,14,39,74,1.0,10.0,0.42,0.0,2.2,0.45
27,461260,ACE 25-06 회사채(AA-이상)액티브,5,60,14,39,74,1.0,10.0,0.42,0.0,5.26,0.97
27,453010,ARIRANG KOFR금리,5,60,14,39,74,1.0,10.0,0.42,0.0,3.57,0.15
27,419890,히어로즈 단기채권ESG액티브,5,60,14,39,74,1.0,10.0,0.42,0.0,3.59,0.58
27,448600,KBSTAR 25-11 회사채(AA-이상)액티브,5,60,14,39,74,1.0,10.0,0.42,0.0,7.4,1.89
27,483230,KBSTAR 25-06 은행채(AA+이상)액티브,5,60,14,39,74,1.0,10.0,0.42,0.0,5.93,0.36
27,465780,마이티 26-09 특수채(AAA)액티브,5,60,14,39,74,1.0,10.0,0.42,0.0,7.41,1.64
27,475270,ACE 5월만기자동연장회사채AA-이상액티브,5,60,14,39,74,1.0,10.0,0.42,0.0,4.37,0.5
27,464240,히어로즈 26-09 회사채(AA-이상)액티브,5,60,14,39,74,1.0,10.0,0.42,0.0,6.91,1.53
27,136340,KBSTAR 중기우량회사채,5,60,14,39,74,1.0,10.0,0.42,4.55,2.91,1.36
27,462540,SOL 25-09 회사채(AA-이상)액티브,5,60,14,39,79,1.0,10.0,0.42,0.0,5.7,1.01
27,357870,TIGER CD금리투자KIS(합성),5,60,14,39,74,1.0,10.0,0.42,0.0,2.24,0.23
27,473440,ACE 11월만기자동연장회사채AA-이상액티브,5,60,14,39,79,1.0,10.0,0.42,0.0,4.59,1.79
27,464540,KBSTAR 25-03 회사채(AA-이상)액티브,5,60,14,44,79,1.0,10.0,0.42,0.0,4.95,0.55
27,463290,1Q 단기금융채액티브,5,60,14,44,79,1.0,10.0,0.42,0.0,4.58,0.26
27,438330,TIGER 투자등급회사채액티브,5,60,14,44,79,1.0,10.0,0.42,0.0,6.21,2.23
27,469820,SOL 24-12 회사채(AA-이상)액티브,5,60,14,44,79,1.0,10.0,0.42,0.0,5.13,0.34
27,461270,ACE 26-06 회사채(AA-이상)액티브,5,60,14,44,79,1.0,10.0,0.42,0.0,6.29,1.4
27,190620,ACE 단기통안채,5,60,14,44,79,1.0,10.0,0.42,0.0,1.77,0.13
27,454780,히어로즈 종합채권(AA-이상)액티브,5,60,14,44,79,1.0,10.0,0.42,0.0,4.98,4.32
27,464230,히어로즈 24-09 회사채(AA-이상)액티브,5,60,14,44,79,1.0,10.0,0.42,0.0,4.18,0.38
27,278620,ARIRANG 단기채권액티브,5,60,14,44,79,1.0,10.0,0.42,0.0,1.94,0.42
27,462540,SOL 25-09 회사채(AA-이상)액티브,5,60,14,44,79,1.0,10.0,0.42,0.0,5.7,1.01
27,480260,TIGER 27-04회사채(A+이상)액티브,5,60,14,44,79,1.0,10.0,0.42,0.0,9.38,1.19
27,473440,ACE 11월만기자동연장회사채AA-이상액티브,5,60,14,44,79,1.0,10.0,0.42,0.0,4.59,1.79
27,484890,SOL 머니마켓액티브,5,60,14,44,79,1.0,10.0,0.42,0.0,4.14,0.12
27,385550,KBSTAR 단기종합채권(AA-이상)액티브,5,60,14,44,79,1.0,10.0,0.42,0.0,2.84,0.35
27,475260,ACE 2월만기자동연장회사채AA-이상액티브,5,60,14,44,79,1.0,10.0,0.42,0.0,4.6,0.5
27,458210,히어로즈 CD금리액티브(합성),5,60,14,44,79,1.0,10.0,0.42,0.0,3.67,0.26
27,472920,HK 종합채권(AA-이상)액티브,5,60,14,44,79,1.0,10.0,0.42,0.0,8.83,3.31
27,466400,1Q 25-08 회사채(A+이상)액티브,5,60,14,44,79,1.0,10.0,0.42,0.0,6.78,0.86
27,470320,BNK 24-11 회사채(AA-이상)액티브,5,60,14,44,79,1.0,10.0,0.42,0.0,5.25,0.29
27,468820,WOORI 25-09 회사채(AA-이상)액티브,5,60,14,44,79,1.0,10.0,0.42,0.0,8.41,0.74
27,282000,KBSTAR 국고채3년선물인버스,5,60,14,44,79,1.0,10.0,0.42,1.63,1.3,2.16
27,130730,KOSEF 단기자금,5,60,14,44,79,1.0,10.0,0.42,0.0,2.2,0.45
27,461260,ACE 25-06 회사채(AA-이상)액티브,5,60,14,44,79,1.0,10.0,0.42,0.0,5.26,0.97
27,453010,ARIRANG KOFR금리,5,60,14,44,79,1.0,10.0,0.42,0.0,3.57,0.15
27,419890,히어로즈 단기채권ESG액티브,5,60,14,44,79,1.0,10.0,0.42,0.0,3.59,0.58
27,448600,KBSTAR 25-11 회사채(AA-이상)액티브,5,60,14,44,79,1.0,10.0,0.42,0.0,7.4,1.89
27,483230,KBSTAR 25-06 은행채(AA+이상)액티브,5,60,14,44,79,1.0,10.0,0.42,0.0,5.93,0.36
27,465780,마이티 26-09 특수채(AAA)액티브,5,60,14,44,79,1.0,10.0,0.42,0.0,7.41,1.64
27,272560,KBSTAR 단기국공채액티브,5,60,14,44,79,1.0,10.0,0.42,0.0,2.0,0.36
27,473290,KODEX 26-12 회사채(AA-이상)액티브,5,60,14,44,79,1.0,10.0,0.42,0.0,6.18,1.28
27,464240,히어로즈 26-09 회사채(AA-이상)액티브,5,60,14,44,79,1.0,10.0,0.42,0.0,6.91,1.53
27,448880,ACE 24-12 회사채(AA-이상)액티브,5,60,14,44,79,1.0,10.0,0.42,0.0,6.77,0.92
27,459580,KODEX CD금리액티브(합성),5,60,14,44,79,1.0,10.0,0.42,0.0,3.81,0.15
27,357870,TIGER CD금리투자KIS(합성),5,60,14,44,79,1.0,10.0,0.42,0.0,2.24,0.23
27,423160,KODEX KOFR금리액티브(합성),5,60,14,44,79,1.0,10.0,0.42,0.0,3.32,0.13
27,449170,TIGER KOFR금리액티브(합성),5,60,14,44,79,1.0,10.0,0.42,0.0,3.65,0.15
27,273130,KODEX 종합채권(AA-이상)액티브,5,60,14,44,79,1.0,10.0,0.42,4.51,1.74,3.05
27,465680,KODEX 24-12 은행채(AA+이상)액티브,5,60,14,44,79,1.0,10.0,0.42,0.0,4.34,0.59
27,470260,TIGER 24-12 금융채(AA-이상),5,60,14,44,79,1.0,10.0,0.42,0.0,4.94,0.35
27,455890,KBSTAR 머니마켓액티브,5,60,14,44,79,1.0,10.0,0.42,0.0,4.41,0.24
27,214980,KODEX 단기채권PLUS,5,60,14,44,79,1.0,10.0,0.42,0.0,1.81,0.18
27,475630,TIGER CD1년금리액티브(합성),5,60,14,44,79,1.0,10.0,0.42,0.0,3.84,0.14
27,481050,KODEX 1년은행양도성예금증서+액티브(합성),5,60,14,44,79,1.0,10.0,0.42,0.0,3.95,0.15
27,453540,TIGER 25-10 회사채(A+이상)액티브,5,60,14,44,79,1.0,10.0,0.42,0.0,4.65,1.46
27,476810,KODEX 25-11 은행채(AA-이상)PLUS액티브,5,60,14,44,79,1.0,10.0,0.42,0.0,5.99,0.85
27,447820,TIGER 24-10 회사채(A+이상)액티브,5,60,14,44,79,1.0,10.0,0.42,0.0,6.36,1.2
27,153130,KODEX 단기채권,5,60,14,44,79,1.0,10.0,0.42,0.0,1.93,0.34
27,272580,TIGER 단기채권액티브,5,60,14,44,79,1.0,10.0,0.42,0.0,1.91,0.22
27,451540,TIGER 종합채권(AA-이상)액티브,5,60,14,44,79,1.0,10.0,0.42,0.0,5.14,4.07
27,196230,KBSTAR 단기통안채,5,60,14,44,79,1.0,10.0,0.42,0.0,1.78,0.21
27,484890,SOL 머니마켓액티브,5,60,14,39,79,1.0,10.0,0.42,0.0,4.14,0.12
27,469830,SOL 초단기채권액티브,5,60,14,44,79,1.0,10.0,0.42,0.0,4.6,0.21
27,477050,ARIRANG 머니마켓액티브,5,60,14,44,79,1.0,10.0,0.42,0.0,4.1,0.22
27,467940,KODEX 25-11 회사채(A+이상)액티브,5,60,14,44,79,1.0,10.0,0.42,0.0,6.88,1.08
27,451000,ARIRANG 종합채권(AA-이상)액티브,5,60,14,44,79,1.0,10.0,0.42,0.0,5.79,4.81
27,476450,히어로즈 머니마켓액티브,5,60,14,44,79,1.0,10.0,0.42,0.0,4.26,0.32
27,479080,1Q 머니마켓액티브,5,60,14,44,79,1.0,10.0,0.42,0.0,4.64,0.18
27,273140,KODEX 단기변동금리부채권액티브,5,60,14,44,79,1.0,10.0,0.42,0.0,1.87,0.25
27,439860,KODEX ESG종합채권(A-이상)액티브,5,60,14,44,79,1.0,10.0,0.42,0.0,5.42,2.08
27,475270,ACE 5월만기자동연장회사채AA-이상액티브,5,60,14,44,79,1.0,10.0,0.42,0.0,4.37,0.5
27,477080,KBSTAR CD금리액티브(합성),5,60,14,44,79,1.0,10.0,0.42,0.0,3.84,0.14
27,136340,KBSTAR 중기우량회사채,5,60,14,44,79,1.0,10.0,0.42,4.63,2.91,1.36
27,438560,SOL 국고채3년,5,60,14,39,79,1.0,10.0,0.42,0.0,4.29,2.83
27,363510,SOL KIS단기통안채,5,60,14,39,79,1.0,10.0,0.42,0.0,1.95,0.29
27,114100,KBSTAR 국고채3년,5,60,14,39,79,1.0,10.0,0.42,3.33,2.88,1.8
27,336160,KBSTAR 금융채액티브,5,60,14,39,79,1.0,10.0,0.42,4.54,1.94,2.03
27,272910,ACE 중장기국공채액티브,5,60,14,39,79,1.0,10.0,0.42,4.09,1.75,2.49
27,458030,WOORI 단기국공채액티브,5,60,14,39,79,1.0,10.0,0.42,0.0,3.98,0.24
27,122260,KOSEF 통안채1년,5,60,14,39,79,1.0,10.0,0.42,0.0,2.39,1.33
27,479520,KBSTAR KOFR금리액티브(합성),5,60,14,39,79,1.0,10.0,0.42,0.0,3.69,0.15
27,397410,KBSTAR 국채선물5년추종인버스,5,60,14,39,79,1.0,10.0,0.42,0.0,4.11,4.48
27,440640,ACE 단기채권알파액티브,5,60,14,39,79,1.0,10.0,0.42,0.0,3.81,0.34
27,136340,KBSTAR 중기우량회사채,5,60,14,39,79,1.0,10.0,0.42,4.63,2.91,1.36
27,464240,히어로즈 26-09 회사채(AA-이상)액티브,5,60,14,39,79,1.0,10.0,0.42,0.0,6.91,1.53
27,475270,ACE 5월만기자동연장회사채AA-이상액티브,5,60,14,39,79,1.0,10.0,0.42,0.0,4.37,0.5
27,465780,마이티 26-09 특수채(AAA)액티브,5,60,14,39,79,1.0,10.0,0.42,0.0,7.41,1.64
27,483230,KBSTAR 25-06 은행채(AA+이상)액티브,5,60,14,39,79,1.0,10.0,0.42,0.0,5.93,0.36
27,448600,KBSTAR 25-11 회사채(AA-이상)액티브,5,60,14,39,79,1.0,10.0,0.42,0.0,7.4,1.89
27,419890,히어로즈 단기채권ESG액티브,5,60,14,39,79,1.0,10.0,0.42,0.0,3.59,0.58
27,453010,ARIRANG KOFR금리,5,60,14,39,79,1.0,10.0,0.42,0.0,3.57,0.15
27,130730,KOSEF 단기자금,5,60,14,39,79,1.0,10.0,0.42,0.0,2.2,0.45
27,282000,KBSTAR 국고채3년선물인버스,5,60,14,39,79,1.0,10.0,0.42,1.89,1.3,2.16
27,468820,WOORI 25-09 회사채(AA-이상)액티브,5,60,14,39,79,1.0,10.0,0.42,0.0,8.41,0.74
27,470320,BNK 24-11 회사채(AA-이상)액티브,5,60,14,39,79,1.0,10.0,0.42,0.0,5.25,0.29
27,466400,1Q 25-08 회사채(A+이상)액티브,5,60,14,39,79,1.0,10.0,0.42,0.0,6.78,0.86
27,472920,HK 종합채권(AA-이상)액티브,5,60,14,39,79,1.0,10.0,0.42,0.0,8.83,3.31
27,458210,히어로즈 CD금리액티브(합성),5,60,14,39,79,1.0,10.0,0.42,0.0,3.67,0.26
27,475260,ACE 2월만기자동연장회사채AA-이상액티브,5,60,14,39,79,1.0,10.0,0.42,0.0,4.6,0.5
27,385550,KBSTAR 단기종합채권(AA-이상)액티브,5,60,14,39,79,1.0,10.0,0.42,0.0,2.84,0.35
27,440640,ACE 단기채권알파액티브,5,60,14,44,79,1.0,10.0,0.42,0.0,3.81,0.34
27,475280,ACE 8월만기자동연장회사채AA-이상액티브,5,60,14,39,79,1.0,10.0,0.42,0.0,4.02,0.51
27,461260,ACE 25-06 회사채(AA-이상)액티브,5,60,14,39,79,1.0,10.0,0.42,0.0,5.26,0.97
27,239660,ARIRANG 우량회사채50 1년,5,60,14,39,79,1.0,10.0,0.42,0.0,1.89,0.52
27,453060,HANARO KOFR금리액티브(합성),5,60,14,44,79,1.0,10.0,0.42,0.0,3.72,0.17
27,397410,KBSTAR 국채선물5년추종인버스,5,60,14,44,79,1.0,10.0,0.42,0.0,4.11,4.48
27,272570,KBSTAR 중장기국공채액티브,5,60,14,39,79,1.0,10.0,0.42,3.42,1.75,2.88
27,479520,KBSTAR KOFR금리액티브(합성),5,60,14,44,79,1.0,10.0,0.42,0.0,3.69,0.15
27,122260,KOSEF 통안채1년,5,60,14,44,79,1.0,10.0,0.42,0.0,2.39,1.33
27,458030,WOORI 단기국공채액티브,5,60,14,44,79,1.0,10.0,0.42,0.0,3.98,0.24
27,272910,ACE 중장기국공채액티브,5,60,14,44,79,1.0,10.0,0.42,4.09,1.75,2.49
27,114100,KBSTAR 국고채3년,5,60,14,44,79,1.0,10.0,0.42,3.33,2.88,1.8
27,363510,SOL KIS단기통안채,5,60,14,44,79,1.0,10.0,0.42,0.0,1.95,0.29
27,475280,ACE 8월만기자동연장회사채AA-이상액티브,5,60,14,44,79,1.0,10.0,0.42,0.0,4.02,0.51
27,438560,SOL 국고채3년,5,60,14,44,79,1.0,10.0,0.42,0.0,4.29,2.83
27,239660,ARIRANG 우량회사채50 1년,5,60,14,44,79,1.0,10.0,0.42,0.0,1.89,0.52
27,272570,KBSTAR 중장기국공채액티브,5,60,14,44,79,1.0,10.0,0.42,3.42,1.75,2.88
27,114470,KOSEF 국고채3년,5,60,14,44,79,1.0,10.0,0.42,3.41,2.86,1.75
27,336160,KBSTAR 금융채액티브,5,60,14,44,79,1.0,10.0,0.42,4.54,1.94,2.03
27,471290,HANARO CD금리액티브(합성),5,60,14,44,79,1.0,10.0,0.42,0.0,3.65,0.18
27,292770,KODEX 국채선물3년인버스,5,60,14,39,79,1.0,10.0,0.42,1.85,1.42,2.17
27,453060,HANARO KOFR금리액티브(합성),5,60,14,39,79,1.0,10.0,0.42,0.0,3.72,0.17
27,114470,KOSEF 국고채3년,5,60,14,39,79,1.0,10.0,0.42,3.41,2.86,1.75
27,430500,KOSEF 물가채KIS,5,60,14,44,79,1.0,10.0,0.42,0.0,6.8,4.65
27,471290,HANARO CD금리액티브(합성),5,60,14,39,79,1.0,10.0,0.42,0.0,3.65,0.18
27,432600,KBSTAR 국채선물3년,5,60,14,39,79,1.0,10.0,0.42,0.0,3.76,3.69
27,430500,KOSEF 물가채KIS,5,60,14,39,79,1.0,10.0,0.42,0.0,6.8,4.65
27,423160,KODEX KOFR금리액티브(합성),5,60,14,39,74,1.0,10.0,0.42,0.0,3.32,0.13
27,390950,HANARO 단기채권액티브,5,60,14,39,79,1.0,10.0,0.42,0.0,2.34,0.27
27,298340,ARIRANG 국채선물3년,5,60,14,44,79,1.0,10.0,0.42,3.07,1.64,2.08
27,292770,KODEX 국채선물3년인버스,5,60,14,44,79,1.0,10.0,0.42,1.85,1.42,2.17
27,432600,KBSTAR 국채선물3년,5,60,14,44,79,1.0,10.0,0.42,0.0,3.76,3.69
27,451000,ARIRANG 종합채권(AA-이상)액티브,5,60,14,44,74,1.0,10.0,0.41,0.0,5.79,4.81
27,464540,KBSTAR 25-03 회사채(AA-이상)액티브,5,60,14,44,74,1.0,10.0,0.41,0.0,4.95,0.55
27,476450,히어로즈 머니마켓액티브,5,60,14,44,74,1.0,10.0,0.41,0.0,4.26,0.32
27,479080,1Q 머니마켓액티브,5,60,14,44,74,1.0,10.0,0.41,0.0,4.64,0.18
27,273140,KODEX 단기변동금리부채권액티브,5,60,14,44,74,1.0,10.0,0.41,0.0,1.87,0.25
27,439860,KODEX ESG종합채권(A-이상)액티브,5,60,14,44,74,1.0,10.0,0.41,0.0,5.42,2.08
27,467940,KODEX 25-11 회사채(A+이상)액티브,5,60,14,44,74,1.0,10.0,0.41,0.0,6.88,1.08
27,448880,ACE 24-12 회사채(AA-이상)액티브,5,60,14,44,74,1.0,10.0,0.41,0.0,6.77,0.92
27,473290,KODEX 26-12 회사채(AA-이상)액티브,5,60,14,44,74,1.0,10.0,0.41,0.0,6.18,1.28
27,461270,ACE 26-06 회사채(AA-이상)액티브,5,60,14,44,74,1.0,10.0,0.41,0.0,6.29,1.4
27,272560,KBSTAR 단기국공채액티브,5,60,14,44,74,1.0,10.0,0.41,0.0,2.0,0.36
27,463290,1Q 단기금융채액티브,5,60,14,44,74,1.0,10.0,0.41,0.0,4.58,0.26
27,438330,TIGER 투자등급회사채액티브,5,60,14,44,74,1.0,10.0,0.41,0.0,6.21,2.23
27,469820,SOL 24-12 회사채(AA-이상)액티브,5,60,14,44,74,1.0,10.0,0.41,0.0,5.13,0.34
27,190620,ACE 단기통안채,5,60,14,44,74,1.0,10.0,0.41,0.0,1.77,0.13
27,454780,히어로즈 종합채권(AA-이상)액티브,5,60,14,44,74,1.0,10.0,0.41,0.0,4.98,4.32
27,464230,히어로즈 24-09 회사채(AA-이상)액티브,5,60,14,44,74,1.0,10.0,0.41,0.0,4.18,0.38
27,469830,SOL 초단기채권액티브,5,60,14,44,74,1.0,10.0,0.41,0.0,4.6,0.21
27,278620,ARIRANG 단기채권액티브,5,60,14,44,74,1.0,10.0,0.41,0.0,1.94,0.42
27,477050,ARIRANG 머니마켓액티브,5,60,14,44,74,1.0,10.0,0.41,0.0,4.1,0.22
27,470260,TIGER 24-12 금융채(AA-이상),5,60,14,44,74,1.0,10.0,0.41,0.0,4.94,0.35
27,477080,KBSTAR CD금리액티브(합성),5,60,14,44,74,1.0,10.0,0.41,0.0,3.84,0.14
27,196230,KBSTAR 단기통안채,5,60,14,44,74,1.0,10.0,0.41,0.0,1.78,0.21
27,480260,TIGER 27-04회사채(A+이상)액티브,5,60,14,44,74,1.0,10.0,0.41,0.0,9.38,1.19
27,459580,KODEX CD금리액티브(합성),5,60,14,44,74,1.0,10.0,0.41,0.0,3.81,0.15
27,357870,TIGER CD금리투자KIS(합성),5,60,14,44,74,1.0,10.0,0.41,0.0,2.24,0.23
27,423160,KODEX KOFR금리액티브(합성),5,60,14,44,74,1.0,10.0,0.41,0.0,3.32,0.13
27,449170,TIGER KOFR금리액티브(합성),5,60,14,44,74,1.0,10.0,0.41,0.0,3.65,0.15
27,273130,KODEX 종합채권(AA-이상)액티브,5,60,14,44,74,1.0,10.0,0.41,4.51,1.74,3.05
27,465680,KODEX 24-12 은행채(AA+이상)액티브,5,60,14,44,74,1.0,10.0,0.41,0.0,4.34,0.59
27,455890,KBSTAR 머니마켓액티브,5,60,14,44,74,1.0,10.0,0.41,0.0,4.41,0.24
27,214980,KODEX 단기채권PLUS,5,60,14,44,74,1.0,10.0,0.41,0.0,1.81,0.18
27,475630,TIGER CD1년금리액티브(합성),5,60,14,44,74,1.0,10.0,0.41,0.0,3.84,0.14
27,481050,KODEX 1년은행양도성예금증서+액티브(합성),5,60,14,44,74,1.0,10.0,0.41,0.0,3.95,0.15
27,453540,TIGER 25-10 회사채(A+이상)액티브,5,60,14,44,74,1.0,10.0,0.41,0.0,4.65,1.46
27,476810,KODEX 25-11 은행채(AA-이상)PLUS액티브,5,60,14,44,74,1.0,10.0,0.41,0.0,5.99,0.85
27,447820,TIGER 24-10 회사채(A+이상)액티브,5,60,14,44,74,1.0,10.0,0.41,0.0,6.36,1.2
27,153130,KODEX 단기채권,5,60,14,44,74,1.0,10.0,0.41,0.0,1.93,0.34
27,272580,TIGER 단기채권액티브,5,60,14,44,74,1.0,10.0,0.41,0.0,1.91,0.22
27,451540,TIGER 종합채권(AA-이상)액티브,5,60,14,44,74,1.0,10.0,0.41,0.0,5.14,4.07
27,462540,SOL 25-09 회사채(AA-이상)액티브,5,60,14,44,74,1.0,10.0,0.41,0.0,5.7,1.01
27,475280,ACE 8월만기자동연장회사채AA-이상액티브,5,60,14,44,74,1.0,10.0,0.41,0.0,4.02,0.51
27,473440,ACE 11월만기자동연장회사채AA-이상액티브,5,60,14,44,74,1.0,10.0,0.41,0.0,4.59,1.79
27,484890,SOL 머니마켓액티브,5,60,14,44,74,1.0,10.0,0.41,0.0,4.14,0.12
27,122260,KOSEF 통안채1년,5,60,14,44,74,1.0,10.0,0.41,0.0,2.39,1.33
27,458030,WOORI 단기국공채액티브,5,60,14,44,74,1.0,10.0,0.41,0.0,3.98,0.24
27,272910,ACE 중장기국공채액티브,5,60,14,44,74,1.0,10.0,0.41,4.09,1.75,2.49
27,336160,KBSTAR 금융채액티브,5,60,14,44,74,1.0,10.0,0.41,4.41,1.94,2.03
27,114100,KBSTAR 국고채3년,5,60,14,44,74,1.0,10.0,0.41,3.33,2.88,1.8
27,363510,SOL KIS단기통안채,5,60,14,44,74,1.0,10.0,0.41,0.0,1.95,0.29
27,438560,SOL 국고채3년,5,60,14,44,74,1.0,10.0,0.41,0.0,4.29,2.83
27,239660,ARIRANG 우량회사채50 1년,5,60,14,44,74,1.0,10.0,0.41,0.0,1.89,0.52
27,272570,KBSTAR 중장기국공채액티브,5,60,14,44,74,1.0,10.0,0.41,3.42,1.75,2.88
27,114470,KOSEF 국고채3년,5,60,14,44,74,1.0,10.0,0.41,3.41,2.86,1.75
27,453060,HANARO KOFR금리액티브(합성),5,60,14,44,74,1.0,10.0,0.41,0.0,3.72,0.17
27,471290,HANARO CD금리액티브(합성),5,60,14,44,74,1.0,10.0,0.41,0.0,3.65,0.18
27,430500,KOSEF 물가채KIS,5,60,14,44,74,1.0,10.0,0.41,0.0,6.8,4.65
27,432600,KBSTAR 국채선물3년,5,60,14,44,74,1.0,10.0,0.41,0.0,3.76,3.69
27,292770,KODEX 국채선물3년인버스,5,60,14,44,74,1.0,10.0,0.41,1.65,1.42,2.17
27,298340,ARIRANG 국채선물3년,5,60,14,44,74,1.0,10.0,0.41,3.07,1.64,2.08
27,390950,HANARO 단기채권액티브,5,60,14,44,74,1.0,10.0,0.41,0.0,2.34,0.27
27,479520,KBSTAR KOFR금리액티브(합성),5,60,14,44,74,1.0,10.0,0.41,0.0,3.69,0.15
27,397410,KBSTAR 국채선물5년추종인버스,5,60,14,44,74,1.0,10.0,0.41,0.0,4.11,4.48
27,440640,ACE 단기채권알파액티브,5,60,14,44,74,1.0,10.0,0.41,0.0,3.81,0.34
27,136340,KBSTAR 중기우량회사채,5,60,14,44,74,1.0,10.0,0.41,4.55,2.91,1.36
27,385550,KBSTAR 단기종합채권(AA-이상)액티브,5,60,14,44,74,1.0,10.0,0.41,0.0,2.84,0.35
27,475260,ACE 2월만기자동연장회사채AA-이상액티브,5,60,14,44,74,1.0,10.0,0.41,0.0,4.6,0.5
27,458210,히어로즈 CD금리액티브(합성),5,60,14,44,74,1.0,10.0,0.41,0.0,3.67,0.26
27,472920,HK 종합채권(AA-이상)액티브,5,60,14,44,74,1.0,10.0,0.41,0.0,8.83,3.31
27,466400,1Q 25-08 회사채(A+이상)액티브,5,60,14,44,74,1.0,10.0,0.41,0.0,6.78,0.86
27,470320,BNK 24-11 회사채(AA-이상)액티브,5,60,14,44,74,1.0,10.0,0.41,0.0,5.25,0.29
27,468820,WOORI 25-09 회사채(AA-이상)액티브,5,60,14,44,74,1.0,10.0,0.41,0.0,8.41,0.74
27,282000,KBSTAR 국고채3년선물인버스,5,60,14,44,74,1.0,10.0,0.41,1.32,1.3,2.16
27,130730,KOSEF 단기자금,5,60,14,44,74,1.0,10.0,0.41,0.0,2.2,0.45
27,461260,ACE 25-06 회사채(AA-이상)액티브,5,60,14,44,74,1.0,10.0,0.41,0.0,5.26,0.97
27,453010,ARIRANG KOFR금리,5,60,14,44,74,1.0,10.0,0.41,0.0,3.57,0.15
27,419890,히어로즈 단기채권ESG액티브,5,60,14,44,74,1.0,10.0,0.41,0.0,3.59,0.58
27,448600,KBSTAR 25-11 회사채(AA-이상)액티브,5,60,14,44,74,1.0,10.0,0.41,0.0,7.4,1.89
27,483230,KBSTAR 25-06 은행채(AA+이상)액티브,5,60,14,44,74,1.0,10.0,0.41,0.0,5.93,0.36
27,465780,마이티 26-09 특수채(AAA)액티브,5,60,14,44,74,1.0,10.0,0.41,0.0,7.41,1.64
27,475270,ACE 5월만기자동연장회사채AA-이상액티브,5,60,14,44,74,1.0,10.0,0.41,0.0,4.37,0.5
27,464240,히어로즈 26-09 회사채(AA-이상)액티브,5,60,14,44,74,1.0,10.0,0.41,0.0,6.91,1.53
27,459580,KODEX CD금리액티브(합성),5,60,14,34,54,1.0,10.0,0.4,0.0,3.81,0.15
27,459580,KODEX CD금리액티브(합성),5,60,14,34,74,1.0,10.0,0.4,0.0,3.81,0.15
27,473440,ACE 11월만기자동연장회사채AA-이상액티브,5,60,14,34,54,1.0,10.0,0.4,0.0,4.59,1.79
27,357870,TIGER CD금리투자KIS(합성),5,60,14,34,54,1.0,10.0,0.4,0.0,2.24,0.23
27,480260,TIGER 27-04회사채(A+이상)액티브,5,60,14,34,79,1.0,10.0,0.4,0.0,9.38,1.19
27,451000,ARIRANG 종합채권(AA-이상)액티브,5,60,14,34,79,1.0,10.0,0.4,0.0,5.79,4.81
27,476450,히어로즈 머니마켓액티브,5,60,14,34,79,1.0,10.0,0.4,0.0,4.26,0.32
27,479080,1Q 머니마켓액티브,5,60,14,34,79,1.0,10.0,0.4,0.0,4.64,0.18
27,273140,KODEX 단기변동금리부채권액티브,5,60,14,34,79,1.0,10.0,0.4,0.0,1.87,0.25
27,439860,KODEX ESG종합채권(A-이상)액티브,5,60,14,34,79,1.0,10.0,0.4,0.0,5.42,2.08
27,448880,ACE 24-12 회사채(AA-이상)액티브,5,60,14,34,79,1.0,10.0,0.4,0.0,6.77,0.92
27,473290,KODEX 26-12 회사채(AA-이상)액티브,5,60,14,34,79,1.0,10.0,0.4,0.0,6.18,1.28
27,464540,KBSTAR 25-03 회사채(AA-이상)액티브,5,60,14,34,79,1.0,10.0,0.4,0.0,4.95,0.55
27,272560,KBSTAR 단기국공채액티브,5,60,14,34,79,1.0,10.0,0.4,0.0,2.0,0.36
27,463290,1Q 단기금융채액티브,5,60,14,34,79,1.0,10.0,0.4,0.0,4.58,0.26
27,438330,TIGER 투자등급회사채액티브,5,60,14,34,79,1.0,10.0,0.4,0.0,6.21,2.23
27,469820,SOL 24-12 회사채(AA-이상)액티브,5,60,14,34,79,1.0,10.0,0.4,0.0,5.13,0.34
27,461270,ACE 26-06 회사채(AA-이상)액티브,5,60,14,34,79,1.0,10.0,0.4,0.0,6.29,1.4
27,190620,ACE 단기통안채,5,60,14,34,79,1.0,10.0,0.4,0.0,1.77,0.13
27,454780,히어로즈 종합채권(AA-이상)액티브,5,60,14,34,79,1.0,10.0,0.4,0.0,4.98,4.32
27,464230,히어로즈 24-09 회사채(AA-이상)액티브,5,60,14,34,79,1.0,10.0,0.4,0.0,4.18,0.38
27,278620,ARIRANG 단기채권액티브,5,60,14,34,79,1.0,10.0,0.4,0.0,1.94,0.42
27,467940,KODEX 25-11 회사채(A+이상)액티브,5,60,14,34,79,1.0,10.0,0.4,0.0,6.88,1.08
27,477050,ARIRANG 머니마켓액티브,5,60,14,34,79,1.0,10.0,0.4,0.0,4.1,0.22
27,469830,SOL 초단기채권액티브,5,60,14,34,79,1.0,10.0,0.4,0.0,4.6,0.21
27,475630,TIGER CD1년금리액티브(합성),5,60,14,34,79,1.0,10.0,0.4,0.0,3.84,0.14
27,423160,KODEX KOFR금리액티브(합성),5,60,14,34,79,1.0,10.0,0.4,0.0,3.32,0.13
27,449170,TIGER KOFR금리액티브(합성),5,60,14,34,79,1.0,10.0,0.4,0.0,3.65,0.15
27,273130,KODEX 종합채권(AA-이상)액티브,5,60,14,34,79,1.0,10.0,0.4,4.51,1.74,3.05
27,465680,KODEX 24-12 은행채(AA+이상)액티브,5,60,14,34,79,1.0,10.0,0.4,0.0,4.34,0.59
27,470260,TIGER 24-12 금융채(AA-이상),5,60,14,34,79,1.0,10.0,0.4,0.0,4.94,0.35
27,455890,KBSTAR 머니마켓액티브,5,60,14,34,79,1.0,10.0,0.4,0.0,4.41,0.24
27,214980,KODEX 단기채권PLUS,5,60,14,34,79,1.0,10.0,0.4,0.0,1.81,0.18
27,481050,KODEX 1년은행양도성예금증서+액티브(합성),5,60,14,34,79,1.0,10.0,0.4,0.0,3.95,0.15
27,477080,KBSTAR CD금리액티브(합성),5,60,14,34,79,1.0,10.0,0.4,0.0,3.84,0.14
27,453540,TIGER 25-10 회사채(A+이상)액티브,5,60,14,34,79,1.0,10.0,0.4,0.0,4.65,1.46
27,476810,KODEX 25-11 은행채(AA-이상)PLUS액티브,5,60,14,34,79,1.0,10.0,0.4,0.0,5.99,0.85
27,447820,TIGER 24-10 회사채(A+이상)액티브,5,60,14,34,79,1.0,10.0,0.4,0.0,6.36,1.2
27,153130,KODEX 단기채권,5,60,14,34,79,1.0,10.0,0.4,0.0,1.93,0.34
27,272580,TIGER 단기채권액티브,5,60,14,34,79,1.0,10.0,0.4,0.0,1.91,0.22
27,451540,TIGER 종합채권(AA-이상)액티브,5,60,14,34,79,1.0,10.0,0.4,0.0,5.14,4.07
27,196230,KBSTAR 단기통안채,5,60,14,34,79,1.0,10.0,0.4,0.0,1.78,0.21
27,462540,SOL 25-09 회사채(AA-이상)액티브,5,60,14,34,79,1.0,10.0,0.4,0.0,5.7,1.01
27,423160,KODEX KOFR금리액티브(합성),5,60,14,34,54,1.0,10.0,0.4,0.0,3.32,0.13
27,459580,KODEX CD금리액티브(합성),5,60,14,34,79,1.0,10.0,0.4,0.0,3.81,0.15
27,484890,SOL 머니마켓액티브,5,60,14,34,79,1.0,10.0,0.4,0.0,4.14,0.12
27,479520,KBSTAR KOFR금리액티브(합성),5,60,14,34,79,1.0,10.0,0.4,0.0,3.69,0.15
27,122260,KOSEF 통안채1년,5,60,14,34,79,1.0,10.0,0.4,0.0,2.39,1.33
27,458030,WOORI 단기국공채액티브,5,60,14,34,79,1.0,10.0,0.4,0.0,3.98,0.24
27,272910,ACE 중장기국공채액티브,5,60,14,34,79,1.0,10.0,0.4,4.09,1.75,2.49
27,336160,KBSTAR 금융채액티브,5,60,14,34,79,1.0,10.0,0.4,4.54,1.94,2.03
27,114100,KBSTAR 국고채3년,5,60,14,34,79,1.0,10.0,0.4,3.33,2.88,1.8
27,363510,SOL KIS단기통안채,5,60,14,34,79,1.0,10.0,0.4,0.0,1.95,0.29
27,475280,ACE 8월만기자동연장회사채AA-이상액티브,5,60,14,34,79,1.0,10.0,0.4,0.0,4.02,0.51
27,438560,SOL 국고채3년,5,60,14,34,79,1.0,10.0,0.4,0.0,4.29,2.83
27,239660,ARIRANG 우량회사채50 1년,5,60,14,34,79,1.0,10.0,0.4,0.0,1.89,0.52
27,272570,KBSTAR 중장기국공채액티브,5,60,14,34,79,1.0,10.0,0.4,3.42,1.75,2.88
27,114470,KOSEF 국고채3년,5,60,14,34,79,1.0,10.0,0.4,3.41,2.86,1.75
27,453060,HANARO KOFR금리액티브(합성),5,60,14,34,79,1.0,10.0,0.4,0.0,3.72,0.17
27,471290,HANARO CD금리액티브(합성),5,60,14,34,79,1.0,10.0,0.4,0.0,3.65,0.18
27,430500,KOSEF 물가채KIS,5,60,14,34,79,1.0,10.0,0.4,0.0,6.8,4.65
27,432600,KBSTAR 국채선물3년,5,60,14,34,79,1.0,10.0,0.4,0.0,3.76,3.69
27,292770,KODEX 국채선물3년인버스,5,60,14,34,79,1.0,10.0,0.4,1.85,1.42,2.17
27,397410,KBSTAR 국채선물5년추종인버스,5,60,14,34,79,1.0,10.0,0.4,0.0,4.11,4.48
27,440640,ACE 단기채권알파액티브,5,60,14,34,79,1.0,10.0,0.4,0.0,3.81,0.34
27,136340,KBSTAR 중기우량회사채,5,60,14,34,79,1.0,10.0,0.4,4.63,2.91,1.36
27,282000,KBSTAR 국고채3년선물인버스,5,60,14,34,79,1.0,10.0,0.4,0.0,1.3,2.16
27,385550,KBSTAR 단기종합채권(AA-이상)액티브,5,60,14,34,79,1.0,10.0,0.4,0.0,2.84,0.35
27,475260,ACE 2월만기자동연장회사채AA-이상액티브,5,60,14,34,79,1.0,10.0,0.4,0.0,4.6,0.5
27,458210,히어로즈 CD금리액티브(합성),5,60,14,34,79,1.0,10.0,0.4,0.0,3.67,0.26
27,472920,HK 종합채권(AA-이상)액티브,5,60,14,34,79,1.0,10.0,0.4,0.0,8.83,3.31
27,466400,1Q 25-08 회사채(A+이상)액티브,5,60,14,34,79,1.0,10.0,0.4,0.0,6.78,0.86
27,470320,BNK 24-11 회사채(AA-이상)액티브,5,60,14,34,79,1.0,10.0,0.4,0.0,5.25,0.29
27,468820,WOORI 25-09 회사채(AA-이상)액티브,5,60,14,34,79,1.0,10.0,0.4,0.0,8.41,0.74
27,130730,KOSEF 단기자금,5,60,14,34,79,1.0,10.0,0.4,0.0,2.2,0.45
27,464240,히어로즈 26-09 회사채(AA-이상)액티브,5,60,14,34,79,1.0,10.0,0.4,0.0,6.91,1.53
27,461260,ACE 25-06 회사채(AA-이상)액티브,5,60,14,34,79,1.0,10.0,0.4,0.0,5.26,0.97
27,453010,ARIRANG KOFR금리,5,60,14,34,79,1.0,10.0,0.4,0.0,3.57,0.15
27,419890,히어로즈 단기채권ESG액티브,5,60,14,34,79,1.0,10.0,0.4,0.0,3.59,0.58
27,448600,KBSTAR 25-11 회사채(AA-이상)액티브,5,60,14,34,79,1.0,10.0,0.4,0.0,7.4,1.89
27,483230,KBSTAR 25-06 은행채(AA+이상)액티브,5,60,14,34,79,1.0,10.0,0.4,0.0,5.93,0.36
27,465780,마이티 26-09 특수채(AAA)액티브,5,60,14,34,79,1.0,10.0,0.4,0.0,7.41,1.64
27,475270,ACE 5월만기자동연장회사채AA-이상액티브,5,60,14,34,79,1.0,10.0,0.4,0.0,4.37,0.5
27,357870,TIGER CD금리투자KIS(합성),5,60,14,34,79,1.0,10.0,0.4,0.0,2.24,0.23
27,390950,HANARO 단기채권액티브,5,60,14,34,74,1.0,10.0,0.4,0.0,2.34,0.27
27,390950,HANARO 단기채권액티브,5,60,14,34,79,1.0,10.0,0.4,0.0,2.34,0.27
27,480260,TIGER 27-04회사채(A+이상)액티브,5,60,14,34,74,1.0,10.0,0.4,0.0,9.38,1.19
27,451000,ARIRANG 종합채권(AA-이상)액티브,5,60,14,34,74,1.0,10.0,0.4,0.0,5.79,4.81
27,476450,히어로즈 머니마켓액티브,5,60,14,34,74,1.0,10.0,0.4,0.0,4.26,0.32
27,479080,1Q 머니마켓액티브,5,60,14,34,74,1.0,10.0,0.4,0.0,4.64,0.18
27,273140,KODEX 단기변동금리부채권액티브,5,60,14,34,74,1.0,10.0,0.4,0.0,1.87,0.25
27,439860,KODEX ESG종합채권(A-이상)액티브,5,60,14,34,74,1.0,10.0,0.4,0.0,5.42,2.08
27,448880,ACE 24-12 회사채(AA-이상)액티브,5,60,14,34,74,1.0,10.0,0.4,0.0,6.77,0.92
27,473290,KODEX 26-12 회사채(AA-이상)액티브,5,60,14,34,74,1.0,10.0,0.4,0.0,6.18,1.28
27,464540,KBSTAR 25-03 회사채(AA-이상)액티브,5,60,14,34,74,1.0,10.0,0.4,0.0,4.95,0.55
27,272560,KBSTAR 단기국공채액티브,5,60,14,34,74,1.0,10.0,0.4,0.0,2.0,0.36
27,463290,1Q 단기금융채액티브,5,60,14,34,74,1.0,10.0,0.4,0.0,4.58,0.26
27,438330,TIGER 투자등급회사채액티브,5,60,14,34,74,1.0,10.0,0.4,0.0,6.21,2.23
27,469820,SOL 24-12 회사채(AA-이상)액티브,5,60,14,34,74,1.0,10.0,0.4,0.0,5.13,0.34
27,461270,ACE 26-06 회사채(AA-이상)액티브,5,60,14,34,74,1.0,10.0,0.4,0.0,6.29,1.4
27,190620,ACE 단기통안채,5,60,14,34,74,1.0,10.0,0.4,0.0,1.77,0.13
27,454780,히어로즈 종합채권(AA-이상)액티브,5,60,14,34,74,1.0,10.0,0.4,0.0,4.98,4.32
27,464230,히어로즈 24-09 회사채(AA-이상)액티브,5,60,14,34,74,1.0,10.0,0.4,0.0,4.18,0.38
27,278620,ARIRANG 단기채권액티브,5,60,14,34,74,1.0,10.0,0.4,0.0,1.94,0.42
27,467940,KODEX 25-11 회사채(A+이상)액티브,5,60,14,34,74,1.0,10.0,0.4,0.0,6.88,1.08
27,477050,ARIRANG 머니마켓액티브,5,60,14,34,74,1.0,10.0,0.4,0.0,4.1,0.22
27,469830,SOL 초단기채권액티브,5,60,14,34,74,1.0,10.0,0.4,0.0,4.6,0.21
27,475630,TIGER CD1년금리액티브(합성),5,60,14,34,74,1.0,10.0,0.4,0.0,3.84,0.14
27,423160,KODEX KOFR금리액티브(합성),5,60,14,34,74,1.0,10.0,0.4,0.0,3.32,0.13
27,449170,TIGER KOFR금리액티브(합성),5,60,14,34,74,1.0,10.0,0.4,0.0,3.65,0.15
27,273130,KODEX 종합채권(AA-이상)액티브,5,60,14,34,74,1.0,10.0,0.4,4.51,1.74,3.05
27,465680,KODEX 24-12 은행채(AA+이상)액티브,5,60,14,34,74,1.0,10.0,0.4,0.0,4.34,0.59
27,470260,TIGER 24-12 금융채(AA-이상),5,60,14,34,74,1.0,10.0,0.4,0.0,4.94,0.35
27,455890,KBSTAR 머니마켓액티브,5,60,14,34,74,1.0,10.0,0.4,0.0,4.41,0.24
27,214980,KODEX 단기채권PLUS,5,60,14,34,74,1.0,10.0,0.4,0.0,1.81,0.18
27,481050,KODEX 1년은행양도성예금증서+액티브(합성),5,60,14,34,74,1.0,10.0,0.4,0.0,3.95,0.15
27,477080,KBSTAR CD금리액티브(합성),5,60,14,34,74,1.0,10.0,0.4,0.0,3.84,0.14
27,453540,TIGER 25-10 회사채(A+이상)액티브,5,60,14,34,74,1.0,10.0,0.4,0.0,4.65,1.46
27,476810,KODEX 25-11 은행채(AA-이상)PLUS액티브,5,60,14,34,74,1.0,10.0,0.4,0.0,5.99,0.85
27,447820,TIGER 24-10 회사채(A+이상)액티브,5,60,14,34,74,1.0,10.0,0.4,0.0,6.36,1.2
27,153130,KODEX 단기채권,5,60,14,34,74,1.0,10.0,0.4,0.0,1.93,0.34
27,272580,TIGER 단기채권액티브,5,60,14,34,74,1.0,10.0,0.4,0.0,1.91,0.22
27,451540,TIGER 종합채권(AA-이상)액티브,5,60,14,34,74,1.0,10.0,0.4,0.0,5.14,4.07
27,196230,KBSTAR 단기통안채,5,60,14,34,74,1.0,10.0,0.4,0.0,1.78,0.21
27,462540,SOL 25-09 회사채(AA-이상)액티브,5,60,14,34,74,1.0,10.0,0.4,0.0,5.7,1.01
27,473440,ACE 11월만기자동연장회사채AA-이상액티브,5,60,14,34,74,1.0,10.0,0.4,0.0,4.59,1.79
27,298340,ARIRANG 국채선물3년,5,60,14,34,74,1.0,10.0,0.4,3.07,1.64,2.08
27,484890,SOL 머니마켓액티브,5,60,14,34,74,1.0,10.0,0.4,0.0,4.14,0.12
27,479520,KBSTAR KOFR금리액티브(합성),5,60,14,34,74,1.0,10.0,0.4,0.0,3.69,0.15
27,122260,KOSEF 통안채1년,5,60,14,34,74,1.0,10.0,0.4,0.0,2.39,1.33
27,458030,WOORI 단기국공채액티브,5,60,14,34,74,1.0,10.0,0.4,0.0,3.98,0.24
27,272910,ACE 중장기국공채액티브,5,60,14,34,74,1.0,10.0,0.4,4.09,1.75,2.49
27,336160,KBSTAR 금융채액티브,5,60,14,34,74,1.0,10.0,0.4,4.41,1.94,2.03
27,114100,KBSTAR 국고채3년,5,60,14,34,74,1.0,10.0,0.4,3.33,2.88,1.8
27,363510,SOL KIS단기통안채,5,60,14,34,74,1.0,10.0,0.4,0.0,1.95,0.29
27,475280,ACE 8월만기자동연장회사채AA-이상액티브,5,60,14,34,74,1.0,10.0,0.4,0.0,4.02,0.51
27,438560,SOL 국고채3년,5,60,14,34,74,1.0,10.0,0.4,0.0,4.29,2.83
27,239660,ARIRANG 우량회사채50 1년,5,60,14,34,74,1.0,10.0,0.4,0.0,1.89,0.52
27,272570,KBSTAR 중장기국공채액티브,5,60,14,34,74,1.0,10.0,0.4,3.42,1.75,2.88
27,114470,KOSEF 국고채3년,5,60,14,34,74,1.0,10.0,0.4,3.41,2.86,1.75
27,453060,HANARO KOFR금리액티브(합성),5,60,14,34,74,1.0,10.0,0.4,0.0,3.72,0.17
27,471290,HANARO CD금리액티브(합성),5,60,14,34,74,1.0,10.0,0.4,0.0,3.65,0.18
27,430500,KOSEF 물가채KIS,5,60,14,34,74,1.0,10.0,0.4,0.0,6.8,4.65
27,432600,KBSTAR 국채선물3년,5,60,14,34,74,1.0,10.0,0.4,0.0,3.76,3.69
27,292770,KODEX 국채선물3년인버스,5,60,14,34,74,1.0,10.0,0.4,1.65,1.42,2.17
27,397410,KBSTAR 국채선물5년추종인버스,5,60,14,34,74,1.0,10.0,0.4,0.0,4.11,4.48
27,440640,ACE 단기채권알파액티브,5,60,14,34,74,1.0,10.0,0.4,0.0,3.81,0.34
27,136340,KBSTAR 중기우량회사채,5,60,14,34,74,1.0,10.0,0.4,4.55,2.91,1.36
27,282000,KBSTAR 국고채3년선물인버스,5,60,14,34,74,1.0,10.0,0.4,0.0,1.3,2.16
27,385550,KBSTAR 단기종합채권(AA-이상)액티브,5,60,14,34,74,1.0,10.0,0.4,0.0,2.84,0.35
27,475260,ACE 2월만기자동연장회사채AA-이상액티브,5,60,14,34,74,1.0,10.0,0.4,0.0,4.6,0.5
27,458210,히어로즈 CD금리액티브(합성),5,60,14,34,74,1.0,10.0,0.4,0.0,3.67,0.26
27,472920,HK 종합채권(AA-이상)액티브,5,60,14,34,74,1.0,10.0,0.4,0.0,8.83,3.31
27,466400,1Q 25-08 회사채(A+이상)액티브,5,60,14,34,74,1.0,10.0,0.4,0.0,6.78,0.86
27,470320,BNK 24-11 회사채(AA-이상)액티브,5,60,14,34,74,1.0,10.0,0.4,0.0,5.25,0.29
27,468820,WOORI 25-09 회사채(AA-이상)액티브,5,60,14,34,74,1.0,10.0,0.4,0.0,8.41,0.74
27,130730,KOSEF 단기자금,5,60,14,34,74,1.0,10.0,0.4,0.0,2.2,0.45
27,464240,히어로즈 26-09 회사채(AA-이상)액티브,5,60,14,34,74,1.0,10.0,0.4,0.0,6.91,1.53
27,461260,ACE 25-06 회사채(AA-이상)액티브,5,60,14,34,74,1.0,10.0,0.4,0.0,5.26,0.97
27,453010,ARIRANG KOFR금리,5,60,14,34,74,1.0,10.0,0.4,0.0,3.57,0.15
27,419890,히어로즈 단기채권ESG액티브,5,60,14,34,74,1.0,10.0,0.4,0.0,3.59,0.58
27,448600,KBSTAR 25-11 회사채(AA-이상)액티브,5,60,14,34,74,1.0,10.0,0.4,0.0,7.4,1.89
27,483230,KBSTAR 25-06 은행채(AA+이상)액티브,5,60,14,34,74,1.0,10.0,0.4,0.0,5.93,0.36
27,465780,마이티 26-09 특수채(AAA)액티브,5,60,14,34,74,1.0,10.0,0.4,0.0,7.41,1.64
27,475270,ACE 5월만기자동연장회사채AA-이상액티브,5,60,14,34,74,1.0,10.0,0.4,0.0,4.37,0.5
27,298340,ARIRANG 국채선물3년,5,60,14,34,79,1.0,10.0,0.4,3.07,1.64,2.08
27,473440,ACE 11월만기자동연장회사채AA-이상액티브,5,60,14,34,79,1.0,10.0,0.4,0.0,4.59,1.79
27,484890,SOL 머니마켓액티브,5,60,14,34,54,1.0,10.0,0.4,0.0,4.14,0.12
27,453010,ARIRANG KOFR금리,5,60,14,34,54,1.0,10.0,0.4,0.0,3.57,0.15
27,136340,KBSTAR 중기우량회사채,5,60,14,34,54,1.0,10.0,0.4,3.63,2.91,1.36
27,464240,히어로즈 26-09 회사채(AA-이상)액티브,5,60,14,34,54,1.0,10.0,0.4,0.0,6.91,1.53
27,475270,ACE 5월만기자동연장회사채AA-이상액티브,5,60,14,34,54,1.0,10.0,0.4,0.0,4.37,0.5
27,465780,마이티 26-09 특수채(AAA)액티브,5,60,14,34,54,1.0,10.0,0.4,0.0,7.41,1.64
27,483230,KBSTAR 25-06 은행채(AA+이상)액티브,5,60,14,34,54,1.0,10.0,0.4,0.0,5.93,0.36
27,448600,KBSTAR 25-11 회사채(AA-이상)액티브,5,60,14,34,54,1.0,10.0,0.4,0.0,7.4,1.89
27,419890,히어로즈 단기채권ESG액티브,5,60,14,34,54,1.0,10.0,0.4,0.0,3.59,0.58
27,461260,ACE 25-06 회사채(AA-이상)액티브,5,60,14,34,54,1.0,10.0,0.4,0.0,5.26,0.97
27,397410,KBSTAR 국채선물5년추종인버스,5,60,14,34,54,1.0,10.0,0.4,0.0,4.11,4.48
27,130730,KOSEF 단기자금,5,60,14,34,54,1.0,10.0,0.4,0.0,2.2,0.45
27,282000,KBSTAR 국고채3년선물인버스,5,60,14,34,54,1.0,10.0,0.4,0.0,1.3,2.16
27,468820,WOORI 25-09 회사채(AA-이상)액티브,5,60,14,34,54,1.0,10.0,0.4,0.0,8.41,0.74
27,470320,BNK 24-11 회사채(AA-이상)액티브,5,60,14,34,54,1.0,10.0,0.4,0.0,5.25,0.29
27,466400,1Q 25-08 회사채(A+이상)액티브,5,60,14,34,54,1.0,10.0,0.4,0.0,6.78,0.86
27,472920,HK 종합채권(AA-이상)액티브,5,60,14,34,54,1.0,10.0,0.4,0.0,8.83,3.31
27,458210,히어로즈 CD금리액티브(합성),5,60,14,34,54,1.0,10.0,0.4,0.0,3.67,0.26
27,440640,ACE 단기채권알파액티브,5,60,14,34,54,1.0,10.0,0.4,0.0,3.81,0.34
27,479520,KBSTAR KOFR금리액티브(합성),5,60,14,34,54,1.0,10.0,0.4,0.0,3.69,0.15
27,273130,KODEX 종합채권(AA-이상)액티브,5,60,14,34,54,1.0,10.0,0.4,3.32,1.74,3.05
27,272570,KBSTAR 중장기국공채액티브,5,60,14,34,54,1.0,10.0,0.4,3.06,1.75,2.88
27,298340,ARIRANG 국채선물3년,5,60,14,34,54,1.0,10.0,0.4,3.45,1.64,2.08
27,292770,KODEX 국채선물3년인버스,5,60,14,34,54,1.0,10.0,0.4,6.48,1.42,2.17
27,432600,KBSTAR 국채선물3년,5,60,14,34,54,1.0,10.0,0.4,0.0,3.76,3.69
27,430500,KOSEF 물가채KIS,5,60,14,34,54,1.0,10.0,0.4,0.0,6.8,4.65
27,471290,HANARO CD금리액티브(합성),5,60,14,34,54,1.0,10.0,0.4,0.0,3.65,0.18
27,453060,HANARO KOFR금리액티브(합성),5,60,14,34,54,1.0,10.0,0.4,0.0,3.72,0.17
27,114470,KOSEF 국고채3년,5,60,14,34,54,1.0,10.0,0.4,2.81,2.86,1.75
27,239660,ARIRANG 우량회사채50 1년,5,60,14,34,54,1.0,10.0,0.4,0.0,1.89,0.52
27,122260,KOSEF 통안채1년,5,60,14,34,54,1.0,10.0,0.4,0.0,2.39,1.33
27,438560,SOL 국고채3년,5,60,14,34,54,1.0,10.0,0.4,0.0,4.29,2.83
27,475280,ACE 8월만기자동연장회사채AA-이상액티브,5,60,14,34,54,1.0,10.0,0.4,0.0,4.02,0.51
27,363510,SOL KIS단기통안채,5,60,14,34,54,1.0,10.0,0.4,0.0,1.95,0.29
27,114100,KBSTAR 국고채3년,5,60,14,34,54,1.0,10.0,0.4,2.87,2.88,1.8
27,336160,KBSTAR 금융채액티브,5,60,14,34,54,1.0,10.0,0.4,3.6,1.94,2.03
27,272910,ACE 중장기국공채액티브,5,60,14,34,54,1.0,10.0,0.4,3.83,1.75,2.49
27,458030,WOORI 단기국공채액티브,5,60,14,34,54,1.0,10.0,0.4,0.0,3.98,0.24
27,475260,ACE 2월만기자동연장회사채AA-이상액티브,5,60,14,34,54,1.0,10.0,0.4,0.0,4.6,0.5
27,385550,KBSTAR 단기종합채권(AA-이상)액티브,5,60,14,34,54,1.0,10.0,0.4,0.0,2.84,0.35
27,449170,TIGER KOFR금리액티브(합성),5,60,14,34,54,1.0,10.0,0.4,0.0,3.65,0.15
27,153130,KODEX 단기채권,5,60,14,34,54,1.0,10.0,0.4,0.0,1.93,0.34
27,467940,KODEX 25-11 회사채(A+이상)액티브,5,60,14,34,54,1.0,10.0,0.4,0.0,6.88,1.08
27,477050,ARIRANG 머니마켓액티브,5,60,14,34,54,1.0,10.0,0.4,0.0,4.1,0.22
27,469830,SOL 초단기채권액티브,5,60,14,34,54,1.0,10.0,0.4,0.0,4.6,0.21
27,477080,KBSTAR CD금리액티브(합성),5,60,14,34,54,1.0,10.0,0.4,0.0,3.84,0.14
27,196230,KBSTAR 단기통안채,5,60,14,34,54,1.0,10.0,0.4,0.0,1.78,0.21
27,451540,TIGER 종합채권(AA-이상)액티브,5,60,14,34,54,1.0,10.0,0.4,0.0,5.14,4.07
27,272580,TIGER 단기채권액티브,5,60,14,34,54,1.0,10.0,0.4,0.0,1.91,0.22
27,447820,TIGER 24-10 회사채(A+이상)액티브,5,60,14,34,54,1.0,10.0,0.4,0.0,6.36,1.2
27,357870,TIGER CD금리투자KIS(합성),5,60,14,34,74,1.0,10.0,0.4,0.0,2.24,0.23
27,476810,KODEX 25-11 은행채(AA-이상)PLUS액티브,5,60,14,34,54,1.0,10.0,0.4,0.0,5.99,0.85
27,453540,TIGER 25-10 회사채(A+이상)액티브,5,60,14,34,54,1.0,10.0,0.4,0.0,4.65,1.46
27,481050,KODEX 1년은행양도성예금증서+액티브(합성),5,60,14,34,54,1.0,10.0,0.4,0.0,3.95,0.15
27,475630,TIGER CD1년금리액티브(합성),5,60,14,34,54,1.0,10.0,0.4,0.0,3.84,0.14
27,214980,KODEX 단기채권PLUS,5,60,14,34,54,1.0,10.0,0.4,0.0,1.81,0.18
27,455890,KBSTAR 머니마켓액티브,5,60,14,34,54,1.0,10.0,0.4,0.0,4.41,0.24
27,470260,TIGER 24-12 금융채(AA-이상),5,60,14,34,54,1.0,10.0,0.4,0.0,4.94,0.35
27,451000,ARIRANG 종합채권(AA-이상)액티브,5,60,14,34,54,1.0,10.0,0.4,0.0,5.79,4.81
27,476450,히어로즈 머니마켓액티브,5,60,14,34,54,1.0,10.0,0.4,0.0,4.26,0.32
27,479080,1Q 머니마켓액티브,5,60,14,34,54,1.0,10.0,0.4,0.0,4.64,0.18
27,273140,KODEX 단기변동금리부채권액티브,5,60,14,34,54,1.0,10.0,0.4,0.0,1.87,0.25
27,480260,TIGER 27-04회사채(A+이상)액티브,5,60,14,34,54,1.0,10.0,0.4,0.0,9.38,1.19
27,462540,SOL 25-09 회사채(AA-이상)액티브,5,60,14,34,54,1.0,10.0,0.4,0.0,5.7,1.01
27,278620,ARIRANG 단기채권액티브,5,60,14,34,54,1.0,10.0,0.4,0.0,1.94,0.42
27,464230,히어로즈 24-09 회사채(AA-이상)액티브,5,60,14,34,54,1.0,10.0,0.4,0.0,4.18,0.38
27,454780,히어로즈 종합채권(AA-이상)액티브,5,60,14,34,54,1.0,10.0,0.4,0.0,4.98,4.32
27,190620,ACE 단기통안채,5,60,14,34,54,1.0,10.0,0.4,0.0,1.77,0.13
27,461270,ACE 26-06 회사채(AA-이상)액티브,5,60,14,34,54,1.0,10.0,0.4,0.0,6.29,1.4
27,469820,SOL 24-12 회사채(AA-이상)액티브,5,60,14,34,54,1.0,10.0,0.4,0.0,5.13,0.34
27,438330,TIGER 투자등급회사채액티브,5,60,14,34,54,1.0,10.0,0.4,0.0,6.21,2.23
27,463290,1Q 단기금융채액티브,5,60,14,34,54,1.0,10.0,0.4,0.0,4.58,0.26
27,272560,KBSTAR 단기국공채액티브,5,60,14,34,54,1.0,10.0,0.4,0.0,2.0,0.36
27,464540,KBSTAR 25-03 회사채(AA-이상)액티브,5,60,14,34,54,1.0,10.0,0.4,0.0,4.95,0.55
27,473290,KODEX 26-12 회사채(AA-이상)액티브,5,60,14,34,54,1.0,10.0,0.4,0.0,6.18,1.28
27,448880,ACE 24-12 회사채(AA-이상)액티브,5,60,14,34,54,1.0,10.0,0.4,0.0,6.77,0.92
27,439860,KODEX ESG종합채권(A-이상)액티브,5,60,14,34,54,1.0,10.0,0.4,0.0,5.42,2.08
27,390950,HANARO 단기채권액티브,5,60,14,34,54,1.0,10.0,0.4,0.0,2.34,0.27
27,465680,KODEX 24-12 은행채(AA+이상)액티브,5,60,14,34,54,1.0,10.0,0.4,0.0,4.34,0.59
27,432600,KBSTAR 국채선물3년,5,60,14,44,69,1.0,10.0,0.39,0.0,3.76,3.69
27,298340,ARIRANG 국채선물3년,5,60,14,44,69,1.0,10.0,0.39,3.07,1.64,2.08
27,451000,ARIRANG 종합채권(AA-이상)액티브,5,60,14,44,69,1.0,10.0,0.39,0.0,5.79,4.81
27,476450,히어로즈 머니마켓액티브,5,60,14,44,69,1.0,10.0,0.39,0.0,4.26,0.32
27,479080,1Q 머니마켓액티브,5,60,14,44,69,1.0,10.0,0.39,0.0,4.64,0.18
27,273140,KODEX 단기변동금리부채권액티브,5,60,14,44,69,1.0,10.0,0.39,0.0,1.87,0.25
27,439860,KODEX ESG종합채권(A-이상)액티브,5,60,14,44,69,1.0,10.0,0.39,0.0,5.42,2.08
27,448880,ACE 24-12 회사채(AA-이상)액티브,5,60,14,44,69,1.0,10.0,0.39,0.0,6.77,0.92
27,473290,KODEX 26-12 회사채(AA-이상)액티브,5,60,14,44,69,1.0,10.0,0.39,0.0,6.18,1.28
27,464540,KBSTAR 25-03 회사채(AA-이상)액티브,5,60,14,44,69,1.0,10.0,0.39,0.0,4.95,0.55
27,272560,KBSTAR 단기국공채액티브,5,60,14,44,69,1.0,10.0,0.39,0.0,2.0,0.36
27,463290,1Q 단기금융채액티브,5,60,14,44,69,1.0,10.0,0.39,0.0,4.58,0.26
27,438330,TIGER 투자등급회사채액티브,5,60,14,44,69,1.0,10.0,0.39,0.0,6.21,2.23
27,469820,SOL 24-12 회사채(AA-이상)액티브,5,60,14,44,69,1.0,10.0,0.39,0.0,5.13,0.34
27,461270,ACE 26-06 회사채(AA-이상)액티브,5,60,14,44,69,1.0,10.0,0.39,0.0,6.29,1.4
27,190620,ACE 단기통안채,5,60,14,44,69,1.0,10.0,0.39,0.0,1.77,0.13
27,454780,히어로즈 종합채권(AA-이상)액티브,5,60,14,44,69,1.0,10.0,0.39,0.0,4.98,4.32
27,464230,히어로즈 24-09 회사채(AA-이상)액티브,5,60,14,44,69,1.0,10.0,0.39,0.0,4.18,0.38
27,278620,ARIRANG 단기채권액티브,5,60,14,44,69,1.0,10.0,0.39,0.0,1.94,0.42
27,467940,KODEX 25-11 회사채(A+이상)액티브,5,60,14,44,69,1.0,10.0,0.39,0.0,6.88,1.08
27,477050,ARIRANG 머니마켓액티브,5,60,14,44,69,1.0,10.0,0.39,0.0,4.1,0.22
27,469830,SOL 초단기채권액티브,5,60,14,44,69,1.0,10.0,0.39,0.0,4.6,0.21
27,475630,TIGER CD1년금리액티브(합성),5,60,14,44,69,1.0,10.0,0.39,0.0,3.84,0.14
27,423160,KODEX KOFR금리액티브(합성),5,60,14,44,69,1.0,10.0,0.39,0.0,3.32,0.13
27,449170,TIGER KOFR금리액티브(합성),5,60,14,44,69,1.0,10.0,0.39,0.0,3.65,0.15
27,273130,KODEX 종합채권(AA-이상)액티브,5,60,14,44,69,1.0,10.0,0.39,4.51,1.74,3.05
27,465680,KODEX 24-12 은행채(AA+이상)액티브,5,60,14,44,69,1.0,10.0,0.39,0.0,4.34,0.59
27,470260,TIGER 24-12 금융채(AA-이상),5,60,14,44,69,1.0,10.0,0.39,0.0,4.94,0.35
27,455890,KBSTAR 머니마켓액티브,5,60,14,44,69,1.0,10.0,0.39,0.0,4.41,0.24
27,214980,KODEX 단기채권PLUS,5,60,14,44,69,1.0,10.0,0.39,0.0,1.81,0.18
27,481050,KODEX 1년은행양도성예금증서+액티브(합성),5,60,14,44,69,1.0,10.0,0.39,0.0,3.95,0.15
27,477080,KBSTAR CD금리액티브(합성),5,60,14,44,69,1.0,10.0,0.39,0.0,3.84,0.14
27,453540,TIGER 25-10 회사채(A+이상)액티브,5,60,14,44,69,1.0,10.0,0.39,0.0,4.65,1.46
27,476810,KODEX 25-11 은행채(AA-이상)PLUS액티브,5,60,14,44,69,1.0,10.0,0.39,0.0,5.99,0.85
27,447820,TIGER 24-10 회사채(A+이상)액티브,5,60,14,44,69,1.0,10.0,0.39,0.0,6.36,1.2
27,153130,KODEX 단기채권,5,60,14,44,69,1.0,10.0,0.39,0.0,1.93,0.34
27,272580,TIGER 단기채권액티브,5,60,14,44,69,1.0,10.0,0.39,0.0,1.91,0.22
27,451540,TIGER 종합채권(AA-이상)액티브,5,60,14,44,69,1.0,10.0,0.39,0.0,5.14,4.07
27,196230,KBSTAR 단기통안채,5,60,14,44,69,1.0,10.0,0.39,0.0,1.78,0.21
27,462540,SOL 25-09 회사채(AA-이상)액티브,5,60,14,44,69,1.0,10.0,0.39,0.0,5.7,1.01
27,480260,TIGER 27-04회사채(A+이상)액티브,5,60,14,44,69,1.0,10.0,0.39,0.0,9.38,1.19
27,473440,ACE 11월만기자동연장회사채AA-이상액티브,5,60,14,44,69,1.0,10.0,0.39,0.0,4.59,1.79
27,475280,ACE 8월만기자동연장회사채AA-이상액티브,5,60,14,44,69,1.0,10.0,0.39,0.0,4.02,0.51
27,479520,KBSTAR KOFR금리액티브(합성),5,60,14,44,69,1.0,10.0,0.39,0.0,3.69,0.15
27,122260,KOSEF 통안채1년,5,60,14,44,69,1.0,10.0,0.39,0.0,2.39,1.33
27,458030,WOORI 단기국공채액티브,5,60,14,44,69,1.0,10.0,0.39,0.0,3.98,0.24
27,272910,ACE 중장기국공채액티브,5,60,14,44,69,1.0,10.0,0.39,4.09,1.75,2.49
27,336160,KBSTAR 금융채액티브,5,60,14,44,69,1.0,10.0,0.39,4.42,1.94,2.03
27,114100,KBSTAR 국고채3년,5,60,14,44,69,1.0,10.0,0.39,3.22,2.88,1.8
27,363510,SOL KIS단기통안채,5,60,14,44,69,1.0,10.0,0.39,0.0,1.95,0.29
27,438560,SOL 국고채3년,5,60,14,44,69,1.0,10.0,0.39,0.0,4.29,2.83
27,440640,ACE 단기채권알파액티브,5,60,14,44,69,1.0,10.0,0.39,0.0,3.81,0.34
27,239660,ARIRANG 우량회사채50 1년,5,60,14,44,69,1.0,10.0,0.39,0.0,1.89,0.52
27,272570,KBSTAR 중장기국공채액티브,5,60,14,44,69,1.0,10.0,0.39,3.42,1.75,2.88
27,114470,KOSEF 국고채3년,5,60,14,44,69,1.0,10.0,0.39,3.3,2.86,1.75
27,453060,HANARO KOFR금리액티브(합성),5,60,14,44,69,1.0,10.0,0.39,0.0,3.72,0.17
27,471290,HANARO CD금리액티브(합성),5,60,14,44,69,1.0,10.0,0.39,0.0,3.65,0.18
27,430500,KOSEF 물가채KIS,5,60,14,44,69,1.0,10.0,0.39,0.0,6.8,4.65
27,390950,HANARO 단기채권액티브,5,60,14,44,69,1.0,10.0,0.39,0.0,2.34,0.27
27,397410,KBSTAR 국채선물5년추종인버스,5,60,14,44,69,1.0,10.0,0.39,0.0,4.11,4.48
27,136340,KBSTAR 중기우량회사채,5,60,14,44,69,1.0,10.0,0.39,4.04,2.91,1.36
27,484890,SOL 머니마켓액티브,5,60,14,44,69,1.0,10.0,0.39,0.0,4.14,0.12
27,282000,KBSTAR 국고채3년선물인버스,5,60,14,44,69,1.0,10.0,0.39,0.78,1.3,2.16
27,385550,KBSTAR 단기종합채권(AA-이상)액티브,5,60,14,44,69,1.0,10.0,0.39,0.0,2.84,0.35
27,475260,ACE 2월만기자동연장회사채AA-이상액티브,5,60,14,44,69,1.0,10.0,0.39,0.0,4.6,0.5
27,458210,히어로즈 CD금리액티브(합성),5,60,14,44,69,1.0,10.0,0.39,0.0,3.67,0.26
27,472920,HK 종합채권(AA-이상)액티브,5,60,14,44,69,1.0,10.0,0.39,0.0,8.83,3.31
27,466400,1Q 25-08 회사채(A+이상)액티브,5,60,14,44,69,1.0,10.0,0.39,0.0,6.78,0.86
27,470320,BNK 24-11 회사채(AA-이상)액티브,5,60,14,44,69,1.0,10.0,0.39,0.0,5.25,0.29
27,468820,WOORI 25-09 회사채(AA-이상)액티브,5,60,14,44,69,1.0,10.0,0.39,0.0,8.41,0.74
27,130730,KOSEF 단기자금,5,60,14,44,69,1.0,10.0,0.39,0.0,2.2,0.45
27,464240,히어로즈 26-09 회사채(AA-이상)액티브,5,60,14,44,69,1.0,10.0,0.39,0.0,6.91,1.53
27,461260,ACE 25-06 회사채(AA-이상)액티브,5,60,14,44,69,1.0,10.0,0.39,0.0,5.26,0.97
27,453010,ARIRANG KOFR금리,5,60,14,44,69,1.0,10.0,0.39,0.0,3.57,0.15
27,419890,히어로즈 단기채권ESG액티브,5,60,14,44,69,1.0,10.0,0.39,0.0,3.59,0.58
27,448600,KBSTAR 25-11 회사채(AA-이상)액티브,5,60,14,44,69,1.0,10.0,0.39,0.0,7.4,1.89
27,483230,KBSTAR 25-06 은행채(AA+이상)액티브,5,60,14,44,69,1.0,10.0,0.39,0.0,5.93,0.36
27,465780,마이티 26-09 특수채(AAA)액티브,5,60,14,44,69,1.0,10.0,0.39,0.0,7.41,1.64
27,475270,ACE 5월만기자동연장회사채AA-이상액티브,5,60,14,44,69,1.0,10.0,0.39,0.0,4.37,0.5
27,292770,KODEX 국채선물3년인버스,5,60,14,44,69,1.0,10.0,0.39,1.03,1.42,2.17
27,459580,KODEX CD금리액티브(합성),5,60,14,44,69,1.0,10.0,0.39,0.0,3.81,0.15
27,390950,HANARO 단기채권액티브,5,60,14,49,79,1.0,10.0,0.39,0.0,2.34,0.27
27,440640,ACE 단기채권알파액티브,5,60,14,49,79,1.0,10.0,0.39,0.0,3.81,0.34
27,464240,히어로즈 26-09 회사채(AA-이상)액티브,5,60,14,49,79,1.0,10.0,0.39,0.0,6.91,1.53
27,475270,ACE 5월만기자동연장회사채AA-이상액티브,5,60,14,49,79,1.0,10.0,0.39,0.0,4.37,0.5
27,465780,마이티 26-09 특수채(AAA)액티브,5,60,14,49,79,1.0,10.0,0.39,0.0,7.41,1.64
27,483230,KBSTAR 25-06 은행채(AA+이상)액티브,5,60,14,49,79,1.0,10.0,0.39,0.0,5.93,0.36
27,448600,KBSTAR 25-11 회사채(AA-이상)액티브,5,60,14,49,79,1.0,10.0,0.39,0.0,7.4,1.89
27,419890,히어로즈 단기채권ESG액티브,5,60,14,49,79,1.0,10.0,0.39,0.0,3.59,0.58
27,453010,ARIRANG KOFR금리,5,60,14,49,79,1.0,10.0,0.39,0.0,3.57,0.15
27,461260,ACE 25-06 회사채(AA-이상)액티브,5,60,14,49,79,1.0,10.0,0.39,0.0,5.26,0.97
27,130730,KOSEF 단기자금,5,60,14,49,79,1.0,10.0,0.39,0.0,2.2,0.45
27,282000,KBSTAR 국고채3년선물인버스,5,60,14,49,79,1.0,10.0,0.39,1.63,1.3,2.16
27,468820,WOORI 25-09 회사채(AA-이상)액티브,5,60,14,49,79,1.0,10.0,0.39,0.0,8.41,0.74
27,470320,BNK 24-11 회사채(AA-이상)액티브,5,60,14,49,79,1.0,10.0,0.39,0.0,5.25,0.29
27,466400,1Q 25-08 회사채(A+이상)액티브,5,60,14,49,79,1.0,10.0,0.39,0.0,6.78,0.86
27,472920,HK 종합채권(AA-이상)액티브,5,60,14,49,79,1.0,10.0,0.39,0.0,8.83,3.31
27,458210,히어로즈 CD금리액티브(합성),5,60,14,49,79,1.0,10.0,0.39,0.0,3.67,0.26
27,475260,ACE 2월만기자동연장회사채AA-이상액티브,5,60,14,49,79,1.0,10.0,0.39,0.0,4.6,0.5
27,385550,KBSTAR 단기종합채권(AA-이상)액티브,5,60,14,49,79,1.0,10.0,0.39,0.0,2.84,0.35
27,136340,KBSTAR 중기우량회사채,5,60,14,49,79,1.0,10.0,0.39,4.63,2.91,1.36
27,397410,KBSTAR 국채선물5년추종인버스,5,60,14,49,79,1.0,10.0,0.39,0.0,4.11,4.48
27,357870,TIGER CD금리투자KIS(합성),5,60,14,49,79,1.0,10.0,0.39,0.0,2.24,0.23
27,479520,KBSTAR KOFR금리액티브(합성),5,60,14,49,79,1.0,10.0,0.39,0.0,3.69,0.15
27,298340,ARIRANG 국채선물3년,5,60,14,49,79,1.0,10.0,0.39,1.6,1.64,2.08
27,292770,KODEX 국채선물3년인버스,5,60,14,49,79,1.0,10.0,0.39,1.85,1.42,2.17
27,432600,KBSTAR 국채선물3년,5,60,14,49,79,1.0,10.0,0.39,0.0,3.76,3.69
27,430500,KOSEF 물가채KIS,5,60,14,49,79,1.0,10.0,0.39,0.0,6.8,4.65
27,471290,HANARO CD금리액티브(합성),5,60,14,49,79,1.0,10.0,0.39,0.0,3.65,0.18
27,453060,HANARO KOFR금리액티브(합성),5,60,14,49,79,1.0,10.0,0.39,0.0,3.72,0.17
27,114470,KOSEF 국고채3년,5,60,14,49,79,1.0,10.0,0.39,3.41,2.86,1.75
27,272570,KBSTAR 중장기국공채액티브,5,60,14,49,79,1.0,10.0,0.39,3.42,1.75,2.88
27,239660,ARIRANG 우량회사채50 1년,5,60,14,49,79,1.0,10.0,0.39,0.0,1.89,0.52
27,438560,SOL 국고채3년,5,60,14,49,79,1.0,10.0,0.39,0.0,4.29,2.83
27,475280,ACE 8월만기자동연장회사채AA-이상액티브,5,60,14,49,79,1.0,10.0,0.39,0.0,4.02,0.51
27,363510,SOL KIS단기통안채,5,60,14,49,79,1.0,10.0,0.39,0.0,1.95,0.29
27,114100,KBSTAR 국고채3년,5,60,14,49,79,1.0,10.0,0.39,2.17,2.88,1.8
27,336160,KBSTAR 금융채액티브,5,60,14,49,79,1.0,10.0,0.39,4.54,1.94,2.03
27,272910,ACE 중장기국공채액티브,5,60,14,49,79,1.0,10.0,0.39,4.09,1.75,2.49
27,458030,WOORI 단기국공채액티브,5,60,14,49,79,1.0,10.0,0.39,0.0,3.98,0.24
27,122260,KOSEF 통안채1년,5,60,14,49,79,1.0,10.0,0.39,0.0,2.39,1.33
27,484890,SOL 머니마켓액티브,5,60,14,49,79,1.0,10.0,0.39,0.0,4.14,0.12
27,473440,ACE 11월만기자동연장회사채AA-이상액티브,5,60,14,49,79,1.0,10.0,0.39,0.0,4.59,1.79
27,480260,TIGER 27-04회사채(A+이상)액티브,5,60,14,49,79,1.0,10.0,0.39,0.0,9.38,1.19
27,462540,SOL 25-09 회사채(AA-이상)액티브,5,60,14,49,79,1.0,10.0,0.39,0.0,5.7,1.01
27,477080,KBSTAR CD금리액티브(합성),5,60,14,49,79,1.0,10.0,0.39,0.0,3.84,0.14
27,196230,KBSTAR 단기통안채,5,60,14,49,79,1.0,10.0,0.39,0.0,1.78,0.21
27,451540,TIGER 종합채권(AA-이상)액티브,5,60,14,49,79,1.0,10.0,0.39,0.0,5.14,4.07
27,272580,TIGER 단기채권액티브,5,60,14,49,79,1.0,10.0,0.39,0.0,1.91,0.22
27,153130,KODEX 단기채권,5,60,14,49,79,1.0,10.0,0.39,0.0,1.93,0.34
27,447820,TIGER 24-10 회사채(A+이상)액티브,5,60,14,49,79,1.0,10.0,0.39,0.0,6.36,1.2
27,476810,KODEX 25-11 은행채(AA-이상)PLUS액티브,5,60,14,49,79,1.0,10.0,0.39,0.0,5.99,0.85
27,453540,TIGER 25-10 회사채(A+이상)액티브,5,60,14,49,79,1.0,10.0,0.39,0.0,4.65,1.46
27,481050,KODEX 1년은행양도성예금증서+액티브(합성),5,60,14,49,79,1.0,10.0,0.39,0.0,3.95,0.15
27,475630,TIGER CD1년금리액티브(합성),5,60,14,49,79,1.0,10.0,0.39,0.0,3.84,0.14
27,214980,KODEX 단기채권PLUS,5,60,14,49,79,1.0,10.0,0.39,0.0,1.81,0.18
27,455890,KBSTAR 머니마켓액티브,5,60,14,49,79,1.0,10.0,0.39,0.0,4.41,0.24
27,470260,TIGER 24-12 금융채(AA-이상),5,60,14,49,79,1.0,10.0,0.39,0.0,4.94,0.35
27,465680,KODEX 24-12 은행채(AA+이상)액티브,5,60,14,49,79,1.0,10.0,0.39,0.0,4.34,0.59
27,273130,KODEX 종합채권(AA-이상)액티브,5,60,14,49,79,1.0,10.0,0.39,4.51,1.74,3.05
27,449170,TIGER KOFR금리액티브(합성),5,60,14,49,79,1.0,10.0,0.39,0.0,3.65,0.15
27,423160,KODEX KOFR금리액티브(합성),5,60,14,49,79,1.0,10.0,0.39,0.0,3.32,0.13
27,469830,SOL 초단기채권액티브,5,60,14,49,79,1.0,10.0,0.39,0.0,4.6,0.21
27,477050,ARIRANG 머니마켓액티브,5,60,14,49,79,1.0,10.0,0.39,0.0,4.1,0.22
27,467940,KODEX 25-11 회사채(A+이상)액티브,5,60,14,49,79,1.0,10.0,0.39,0.0,6.88,1.08
27,463290,1Q 단기금융채액티브,5,60,14,49,79,1.0,10.0,0.39,0.0,4.58,0.26
27,278620,ARIRANG 단기채권액티브,5,60,14,49,79,1.0,10.0,0.39,0.0,1.94,0.42
27,464230,히어로즈 24-09 회사채(AA-이상)액티브,5,60,14,49,79,1.0,10.0,0.39,0.0,4.18,0.38
27,454780,히어로즈 종합채권(AA-이상)액티브,5,60,14,49,79,1.0,10.0,0.39,0.0,4.98,4.32
27,190620,ACE 단기통안채,5,60,14,49,79,1.0,10.0,0.39,0.0,1.77,0.13
27,461270,ACE 26-06 회사채(AA-이상)액티브,5,60,14,49,79,1.0,10.0,0.39,0.0,6.29,1.4
27,469820,SOL 24-12 회사채(AA-이상)액티브,5,60,14,49,79,1.0,10.0,0.39,0.0,5.13,0.34
27,438330,TIGER 투자등급회사채액티브,5,60,14,49,79,1.0,10.0,0.39,0.0,6.21,2.23
27,272560,KBSTAR 단기국공채액티브,5,60,14,49,79,1.0,10.0,0.39,0.0,2.0,0.36
27,451000,ARIRANG 종합채권(AA-이상)액티브,5,60,14,49,79,1.0,10.0,0.39,0.0,5.79,4.81
27,464540,KBSTAR 25-03 회사채(AA-이상)액티브,5,60,14,49,79,1.0,10.0,0.39,0.0,4.95,0.55
27,473290,KODEX 26-12 회사채(AA-이상)액티브,5,60,14,49,79,1.0,10.0,0.39,0.0,6.18,1.28
27,448880,ACE 24-12 회사채(AA-이상)액티브,5,60,14,49,79,1.0,10.0,0.39,0.0,6.77,0.92
27,439860,KODEX ESG종합채권(A-이상)액티브,5,60,14,49,79,1.0,10.0,0.39,0.0,5.42,2.08
27,273140,KODEX 단기변동금리부채권액티브,5,60,14,49,79,1.0,10.0,0.39,0.0,1.87,0.25
27,479080,1Q 머니마켓액티브,5,60,14,49,79,1.0,10.0,0.39,0.0,4.64,0.18
27,476450,히어로즈 머니마켓액티브,5,60,14,49,79,1.0,10.0,0.39,0.0,4.26,0.32
27,357870,TIGER CD금리투자KIS(합성),5,60,14,44,69,1.0,10.0,0.39,0.0,2.24,0.23
27,459580,KODEX CD금리액티브(합성),5,60,14,49,79,1.0,10.0,0.39,0.0,3.81,0.15
27,136340,KBSTAR 중기우량회사채,5,60,14,39,69,1.0,10.0,0.39,4.04,2.91,1.36
27,462540,SOL 25-09 회사채(AA-이상)액티브,5,60,14,39,69,1.0,10.0,0.39,0.0,5.7,1.01
27,465780,마이티 26-09 특수채(AAA)액티브,5,60,14,39,69,1.0,10.0,0.39,0.0,7.41,1.64
27,483230,KBSTAR 25-06 은행채(AA+이상)액티브,5,60,14,39,69,1.0,10.0,0.39,0.0,5.93,0.36
27,448600,KBSTAR 25-11 회사채(AA-이상)액티브,5,60,14,39,69,1.0,10.0,0.39,0.0,7.4,1.89
27,419890,히어로즈 단기채권ESG액티브,5,60,14,39,69,1.0,10.0,0.39,0.0,3.59,0.58
27,453010,ARIRANG KOFR금리,5,60,14,39,69,1.0,10.0,0.39,0.0,3.57,0.15
27,461260,ACE 25-06 회사채(AA-이상)액티브,5,60,14,39,69,1.0,10.0,0.39,0.0,5.26,0.97
27,130730,KOSEF 단기자금,5,60,14,39,69,1.0,10.0,0.39,0.0,2.2,0.45
27,282000,KBSTAR 국고채3년선물인버스,5,60,14,39,69,1.0,10.0,0.39,1.11,1.3,2.16
27,468820,WOORI 25-09 회사채(AA-이상)액티브,5,60,14,39,69,1.0,10.0,0.39,0.0,8.41,0.74
27,470320,BNK 24-11 회사채(AA-이상)액티브,5,60,14,39,69,1.0,10.0,0.39,0.0,5.25,0.29
27,466400,1Q 25-08 회사채(A+이상)액티브,5,60,14,39,69,1.0,10.0,0.39,0.0,6.78,0.86
27,472920,HK 종합채권(AA-이상)액티브,5,60,14,39,69,1.0,10.0,0.39,0.0,8.83,3.31
27,458210,히어로즈 CD금리액티브(합성),5,60,14,39,69,1.0,10.0,0.39,0.0,3.67,0.26
27,475260,ACE 2월만기자동연장회사채AA-이상액티브,5,60,14,39,69,1.0,10.0,0.39,0.0,4.6,0.5
27,385550,KBSTAR 단기종합채권(AA-이상)액티브,5,60,14,39,69,1.0,10.0,0.39,0.0,2.84,0.35
27,484890,SOL 머니마켓액티브,5,60,14,39,69,1.0,10.0,0.39,0.0,4.14,0.12
27,473440,ACE 11월만기자동연장회사채AA-이상액티브,5,60,14,39,69,1.0,10.0,0.39,0.0,4.59,1.79
27,475270,ACE 5월만기자동연장회사채AA-이상액티브,5,60,14,39,69,1.0,10.0,0.39,0.0,4.37,0.5
27,464240,히어로즈 26-09 회사채(AA-이상)액티브,5,60,14,39,69,1.0,10.0,0.39,0.0,6.91,1.53
27,440640,ACE 단기채권알파액티브,5,60,14,39,69,1.0,10.0,0.39,0.0,3.81,0.34
27,239660,ARIRANG 우량회사채50 1년,5,60,14,39,69,1.0,10.0,0.39,0.0,1.89,0.52
27,292770,KODEX 국채선물3년인버스,5,60,14,39,69,1.0,10.0,0.39,1.03,1.42,2.17
27,432600,KBSTAR 국채선물3년,5,60,14,39,69,1.0,10.0,0.39,0.0,3.76,3.69
27,430500,KOSEF 물가채KIS,5,60,14,39,69,1.0,10.0,0.39,0.0,6.8,4.65
27,471290,HANARO CD금리액티브(합성),5,60,14,39,69,1.0,10.0,0.39,0.0,3.65,0.18
27,453060,HANARO KOFR금리액티브(합성),5,60,14,39,69,1.0,10.0,0.39,0.0,3.72,0.17
27,114470,KOSEF 국고채3년,5,60,14,39,69,1.0,10.0,0.39,3.3,2.86,1.75
27,272570,KBSTAR 중장기국공채액티브,5,60,14,39,69,1.0,10.0,0.39,3.42,1.75,2.88
27,438560,SOL 국고채3년,5,60,14,39,69,1.0,10.0,0.39,0.0,4.29,2.83
27,397410,KBSTAR 국채선물5년추종인버스,5,60,14,39,69,1.0,10.0,0.39,0.0,4.11,4.48
27,363510,SOL KIS단기통안채,5,60,14,39,69,1.0,10.0,0.39,0.0,1.95,0.29
27,114100,KBSTAR 국고채3년,5,60,14,39,69,1.0,10.0,0.39,3.22,2.88,1.8
27,336160,KBSTAR 금융채액티브,5,60,14,39,69,1.0,10.0,0.39,4.42,1.94,2.03
27,272910,ACE 중장기국공채액티브,5,60,14,39,69,1.0,10.0,0.39,4.09,1.75,2.49
27,458030,WOORI 단기국공채액티브,5,60,14,39,69,1.0,10.0,0.39,0.0,3.98,0.24
27,122260,KOSEF 통안채1년,5,60,14,39,69,1.0,10.0,0.39,0.0,2.39,1.33
27,479520,KBSTAR KOFR금리액티브(합성),5,60,14,39,69,1.0,10.0,0.39,0.0,3.69,0.15
27,480260,TIGER 27-04회사채(A+이상)액티브,5,60,14,39,69,1.0,10.0,0.39,0.0,9.38,1.19
27,278620,ARIRANG 단기채권액티브,5,60,14,39,69,1.0,10.0,0.39,0.0,1.94,0.42
27,390950,HANARO 단기채권액티브,5,60,14,39,69,1.0,10.0,0.39,0.0,2.34,0.27
27,464230,히어로즈 24-09 회사채(AA-이상)액티브,5,60,14,39,69,1.0,10.0,0.39,0.0,4.18,0.38
27,451540,TIGER 종합채권(AA-이상)액티브,5,60,14,39,69,1.0,10.0,0.39,0.0,5.14,4.07
27,272580,TIGER 단기채권액티브,5,60,14,39,69,1.0,10.0,0.39,0.0,1.91,0.22
27,153130,KODEX 단기채권,5,60,14,39,69,1.0,10.0,0.39,0.0,1.93,0.34
27,447820,TIGER 24-10 회사채(A+이상)액티브,5,60,14,39,69,1.0,10.0,0.39,0.0,6.36,1.2
27,476810,KODEX 25-11 은행채(AA-이상)PLUS액티브,5,60,14,39,69,1.0,10.0,0.39,0.0,5.99,0.85
27,453540,TIGER 25-10 회사채(A+이상)액티브,5,60,14,39,69,1.0,10.0,0.39,0.0,4.65,1.46
27,481050,KODEX 1년은행양도성예금증서+액티브(합성),5,60,14,39,69,1.0,10.0,0.39,0.0,3.95,0.15
27,475630,TIGER CD1년금리액티브(합성),5,60,14,39,69,1.0,10.0,0.39,0.0,3.84,0.14
27,214980,KODEX 단기채권PLUS,5,60,14,39,69,1.0,10.0,0.39,0.0,1.81,0.18
27,455890,KBSTAR 머니마켓액티브,5,60,14,39,69,1.0,10.0,0.39,0.0,4.41,0.24
27,470260,TIGER 24-12 금융채(AA-이상),5,60,14,39,69,1.0,10.0,0.39,0.0,4.94,0.35
27,465680,KODEX 24-12 은행채(AA+이상)액티브,5,60,14,39,69,1.0,10.0,0.39,0.0,4.34,0.59
27,273130,KODEX 종합채권(AA-이상)액티브,5,60,14,39,69,1.0,10.0,0.39,4.51,1.74,3.05
27,449170,TIGER KOFR금리액티브(합성),5,60,14,39,69,1.0,10.0,0.39,0.0,3.65,0.15
27,423160,KODEX KOFR금리액티브(합성),5,60,14,39,69,1.0,10.0,0.39,0.0,3.32,0.13
27,357870,TIGER CD금리투자KIS(합성),5,60,14,39,69,1.0,10.0,0.39,0.0,2.24,0.23
27,459580,KODEX CD금리액티브(합성),5,60,14,39,69,1.0,10.0,0.39,0.0,3.81,0.15
27,196230,KBSTAR 단기통안채,5,60,14,39,69,1.0,10.0,0.39,0.0,1.78,0.21
27,477080,KBSTAR CD금리액티브(합성),5,60,14,39,69,1.0,10.0,0.39,0.0,3.84,0.14
27,469830,SOL 초단기채권액티브,5,60,14,39,69,1.0,10.0,0.39,0.0,4.6,0.21
27,464540,KBSTAR 25-03 회사채(AA-이상)액티브,5,60,14,39,69,1.0,10.0,0.39,0.0,4.95,0.55
27,454780,히어로즈 종합채권(AA-이상)액티브,5,60,14,39,69,1.0,10.0,0.39,0.0,4.98,4.32
27,190620,ACE 단기통안채,5,60,14,39,69,1.0,10.0,0.39,0.0,1.77,0.13
27,461270,ACE 26-06 회사채(AA-이상)액티브,5,60,14,39,69,1.0,10.0,0.39,0.0,6.29,1.4
27,469820,SOL 24-12 회사채(AA-이상)액티브,5,60,14,39,69,1.0,10.0,0.39,0.0,5.13,0.34
27,438330,TIGER 투자등급회사채액티브,5,60,14,39,69,1.0,10.0,0.39,0.0,6.21,2.23
27,463290,1Q 단기금융채액티브,5,60,14,39,69,1.0,10.0,0.39,0.0,4.58,0.26
27,272560,KBSTAR 단기국공채액티브,5,60,14,39,69,1.0,10.0,0.39,0.0,2.0,0.36
27,473290,KODEX 26-12 회사채(AA-이상)액티브,5,60,14,39,69,1.0,10.0,0.39,0.0,6.18,1.28
27,477050,ARIRANG 머니마켓액티브,5,60,14,39,69,1.0,10.0,0.39,0.0,4.1,0.22
27,448880,ACE 24-12 회사채(AA-이상)액티브,5,60,14,39,69,1.0,10.0,0.39,0.0,6.77,0.92
27,439860,KODEX ESG종합채권(A-이상)액티브,5,60,14,39,69,1.0,10.0,0.39,0.0,5.42,2.08
27,273140,KODEX 단기변동금리부채권액티브,5,60,14,39,69,1.0,10.0,0.39,0.0,1.87,0.25
27,479080,1Q 머니마켓액티브,5,60,14,39,69,1.0,10.0,0.39,0.0,4.64,0.18
27,476450,히어로즈 머니마켓액티브,5,60,14,39,69,1.0,10.0,0.39,0.0,4.26,0.32
27,451000,ARIRANG 종합채권(AA-이상)액티브,5,60,14,39,69,1.0,10.0,0.39,0.0,5.79,4.81
27,467940,KODEX 25-11 회사채(A+이상)액티브,5,60,14,39,69,1.0,10.0,0.39,0.0,6.88,1.08
27,298340,ARIRANG 국채선물3년,5,60,14,39,69,1.0,10.0,0.39,3.07,1.64,2.08
27,475280,ACE 8월만기자동연장회사채AA-이상액티브,5,60,14,39,69,1.0,10.0,0.39,0.0,4.02,0.51
27,298340,ARIRANG 국채선물3년,5,60,14,34,69,1.0,10.0,0.38,3.07,1.64,2.08
27,278620,ARIRANG 단기채권액티브,5,60,14,34,69,1.0,10.0,0.38,0.0,1.94,0.42
27,477050,ARIRANG 머니마켓액티브,5,60,14,34,69,1.0,10.0,0.38,0.0,4.1,0.22
27,467940,KODEX 25-11 회사채(A+이상)액티브,5,60,14,34,69,1.0,10.0,0.38,0.0,6.88,1.08
27,451000,ARIRANG 종합채권(AA-이상)액티브,5,60,14,34,69,1.0,10.0,0.38,0.0,5.79,4.81
27,476450,히어로즈 머니마켓액티브,5,60,14,34,69,1.0,10.0,0.38,0.0,4.26,0.32
27,479080,1Q 머니마켓액티브,5,60,14,34,69,1.0,10.0,0.38,0.0,4.64,0.18
27,273140,KODEX 단기변동금리부채권액티브,5,60,14,34,69,1.0,10.0,0.38,0.0,1.87,0.25
27,439860,KODEX ESG종합채권(A-이상)액티브,5,60,14,34,69,1.0,10.0,0.38,0.0,5.42,2.08
27,448880,ACE 24-12 회사채(AA-이상)액티브,5,60,14,34,69,1.0,10.0,0.38,0.0,6.77,0.92
27,473290,KODEX 26-12 회사채(AA-이상)액티브,5,60,14,34,69,1.0,10.0,0.38,0.0,6.18,1.28
27,390950,HANARO 단기채권액티브,5,60,14,34,69,1.0,10.0,0.38,0.0,2.34,0.27
27,272560,KBSTAR 단기국공채액티브,5,60,14,34,69,1.0,10.0,0.38,0.0,2.0,0.36
27,463290,1Q 단기금융채액티브,5,60,14,34,69,1.0,10.0,0.38,0.0,4.58,0.26
27,438330,TIGER 투자등급회사채액티브,5,60,14,34,69,1.0,10.0,0.38,0.0,6.21,2.23
27,469820,SOL 24-12 회사채(AA-이상)액티브,5,60,14,34,69,1.0,10.0,0.38,0.0,5.13,0.34
27,461270,ACE 26-06 회사채(AA-이상)액티브,5,60,14,34,69,1.0,10.0,0.38,0.0,6.29,1.4
27,190620,ACE 단기통안채,5,60,14,34,69,1.0,10.0,0.38,0.0,1.77,0.13
27,454780,히어로즈 종합채권(AA-이상)액티브,5,60,14,34,69,1.0,10.0,0.38,0.0,4.98,4.32
27,469830,SOL 초단기채권액티브,5,60,14,34,69,1.0,10.0,0.38,0.0,4.6,0.21
27,477080,KBSTAR CD금리액티브(합성),5,60,14,34,69,1.0,10.0,0.38,0.0,3.84,0.14
27,196230,KBSTAR 단기통안채,5,60,14,34,69,1.0,10.0,0.38,0.0,1.78,0.21
27,455890,KBSTAR 머니마켓액티브,5,60,14,34,69,1.0,10.0,0.38,0.0,4.41,0.24
27,459580,KODEX CD금리액티브(합성),5,60,14,34,69,1.0,10.0,0.38,0.0,3.81,0.15
27,357870,TIGER CD금리투자KIS(합성),5,60,14,34,69,1.0,10.0,0.38,0.0,2.24,0.23
27,423160,KODEX KOFR금리액티브(합성),5,60,14,34,69,1.0,10.0,0.38,0.0,3.32,0.13
27,449170,TIGER KOFR금리액티브(합성),5,60,14,34,69,1.0,10.0,0.38,0.0,3.65,0.15
27,273130,KODEX 종합채권(AA-이상)액티브,5,60,14,34,69,1.0,10.0,0.38,4.51,1.74,3.05
27,465680,KODEX 24-12 은행채(AA+이상)액티브,5,60,14,34,69,1.0,10.0,0.38,0.0,4.34,0.59
27,470260,TIGER 24-12 금융채(AA-이상),5,60,14,34,69,1.0,10.0,0.38,0.0,4.94,0.35
27,214980,KODEX 단기채권PLUS,5,60,14,34,69,1.0,10.0,0.38,0.0,1.81,0.18
27,451540,TIGER 종합채권(AA-이상)액티브,5,60,14,34,69,1.0,10.0,0.38,0.0,5.14,4.07
27,475630,TIGER CD1년금리액티브(합성),5,60,14,34,69,1.0,10.0,0.38,0.0,3.84,0.14
27,481050,KODEX 1년은행양도성예금증서+액티브(합성),5,60,14,34,69,1.0,10.0,0.38,0.0,3.95,0.15
27,453540,TIGER 25-10 회사채(A+이상)액티브,5,60,14,34,69,1.0,10.0,0.38,0.0,4.65,1.46
27,476810,KODEX 25-11 은행채(AA-이상)PLUS액티브,5,60,14,34,69,1.0,10.0,0.38,0.0,5.99,0.85
27,447820,TIGER 24-10 회사채(A+이상)액티브,5,60,14,34,69,1.0,10.0,0.38,0.0,6.36,1.2
27,153130,KODEX 단기채권,5,60,14,34,69,1.0,10.0,0.38,0.0,1.93,0.34
27,272580,TIGER 단기채권액티브,5,60,14,34,69,1.0,10.0,0.38,0.0,1.91,0.22
27,464230,히어로즈 24-09 회사채(AA-이상)액티브,5,60,14,34,69,1.0,10.0,0.38,0.0,4.18,0.38
27,462540,SOL 25-09 회사채(AA-이상)액티브,5,60,14,34,69,1.0,10.0,0.38,0.0,5.7,1.01
27,298340,ARIRANG 국채선물3년,5,60,14,49,74,1.0,10.0,0.38,1.6,1.64,2.08
27,480260,TIGER 27-04회사채(A+이상)액티브,5,60,14,34,69,1.0,10.0,0.38,0.0,9.38,1.19
27,440640,ACE 단기채권알파액티브,5,60,14,34,69,1.0,10.0,0.38,0.0,3.81,0.34
27,397410,KBSTAR 국채선물5년추종인버스,5,60,14,34,69,1.0,10.0,0.38,0.0,4.11,4.48
27,479520,KBSTAR KOFR금리액티브(합성),5,60,14,34,69,1.0,10.0,0.38,0.0,3.69,0.15
27,122260,KOSEF 통안채1년,5,60,14,34,69,1.0,10.0,0.38,0.0,2.39,1.33
27,458030,WOORI 단기국공채액티브,5,60,14,34,69,1.0,10.0,0.38,0.0,3.98,0.24
27,272910,ACE 중장기국공채액티브,5,60,14,34,69,1.0,10.0,0.38,4.09,1.75,2.49
27,336160,KBSTAR 금융채액티브,5,60,14,34,69,1.0,10.0,0.38,4.42,1.94,2.03
27,114100,KBSTAR 국고채3년,5,60,14,34,69,1.0,10.0,0.38,3.22,2.88,1.8
27,363510,SOL KIS단기통안채,5,60,14,34,69,1.0,10.0,0.38,0.0,1.95,0.29
27,475280,ACE 8월만기자동연장회사채AA-이상액티브,5,60,14,34,69,1.0,10.0,0.38,0.0,4.02,0.51
27,438560,SOL 국고채3년,5,60,14,34,69,1.0,10.0,0.38,0.0,4.29,2.83
27,239660,ARIRANG 우량회사채50 1년,5,60,14,34,69,1.0,10.0,0.38,0.0,1.89,0.52
27,272570,KBSTAR 중장기국공채액티브,5,60,14,34,69,1.0,10.0,0.38,3.42,1.75,2.88
27,114470,KOSEF 국고채3년,5,60,14,34,69,1.0,10.0,0.38,3.3,2.86,1.75
27,453060,HANARO KOFR금리액티브(합성),5,60,14,34,69,1.0,10.0,0.38,0.0,3.72,0.17
27,471290,HANARO CD금리액티브(합성),5,60,14,34,69,1.0,10.0,0.38,0.0,3.65,0.18
27,430500,KOSEF 물가채KIS,5,60,14,34,69,1.0,10.0,0.38,0.0,6.8,4.65
27,136340,KBSTAR 중기우량회사채,5,60,14,34,69,1.0,10.0,0.38,4.04,2.91,1.36
27,464240,히어로즈 26-09 회사채(AA-이상)액티브,5,60,14,34,69,1.0,10.0,0.38,0.0,6.91,1.53
27,475270,ACE 5월만기자동연장회사채AA-이상액티브,5,60,14,34,69,1.0,10.0,0.38,0.0,4.37,0.5
27,470320,BNK 24-11 회사채(AA-이상)액티브,5,60,14,34,69,1.0,10.0,0.38,0.0,5.25,0.29
27,473440,ACE 11월만기자동연장회사채AA-이상액티브,5,60,14,34,69,1.0,10.0,0.38,0.0,4.59,1.79
27,484890,SOL 머니마켓액티브,5,60,14,34,69,1.0,10.0,0.38,0.0,4.14,0.12
27,385550,KBSTAR 단기종합채권(AA-이상)액티브,5,60,14,34,69,1.0,10.0,0.38,0.0,2.84,0.35
27,475260,ACE 2월만기자동연장회사채AA-이상액티브,5,60,14,34,69,1.0,10.0,0.38,0.0,4.6,0.5
27,458210,히어로즈 CD금리액티브(합성),5,60,14,34,69,1.0,10.0,0.38,0.0,3.67,0.26
27,472920,HK 종합채권(AA-이상)액티브,5,60,14,34,69,1.0,10.0,0.38,0.0,8.83,3.31
27,466400,1Q 25-08 회사채(A+이상)액티브,5,60,14,34,69,1.0,10.0,0.38,0.0,6.78,0.86
27,468820,WOORI 25-09 회사채(AA-이상)액티브,5,60,14,34,69,1.0,10.0,0.38,0.0,8.41,0.74
27,465780,마이티 26-09 특수채(AAA)액티브,5,60,14,34,69,1.0,10.0,0.38,0.0,7.41,1.64
27,282000,KBSTAR 국고채3년선물인버스,5,60,14,34,69,1.0,10.0,0.38,0.0,1.3,2.16
27,130730,KOSEF 단기자금,5,60,14,34,69,1.0,10.0,0.38,0.0,2.2,0.45
27,461260,ACE 25-06 회사채(AA-이상)액티브,5,60,14,34,69,1.0,10.0,0.38,0.0,5.26,0.97
27,453010,ARIRANG KOFR금리,5,60,14,34,69,1.0,10.0,0.38,0.0,3.57,0.15
27,419890,히어로즈 단기채권ESG액티브,5,60,14,34,69,1.0,10.0,0.38,0.0,3.59,0.58
27,448600,KBSTAR 25-11 회사채(AA-이상)액티브,5,60,14,34,69,1.0,10.0,0.38,0.0,7.4,1.89
27,483230,KBSTAR 25-06 은행채(AA+이상)액티브,5,60,14,34,69,1.0,10.0,0.38,0.0,5.93,0.36
27,390950,HANARO 단기채권액티브,5,60,14,49,74,1.0,10.0,0.38,0.0,2.34,0.27
27,292770,KODEX 국채선물3년인버스,5,60,14,49,74,1.0,10.0,0.38,1.65,1.42,2.17
27,292770,KODEX 국채선물3년인버스,5,60,14,34,69,1.0,10.0,0.38,1.03,1.42,2.17
27,278620,ARIRANG 단기채권액티브,5,60,14,49,74,1.0,10.0,0.38,0.0,1.94,0.42
27,477050,ARIRANG 머니마켓액티브,5,60,14,49,74,1.0,10.0,0.38,0.0,4.1,0.22
27,467940,KODEX 25-11 회사채(A+이상)액티브,5,60,14,49,74,1.0,10.0,0.38,0.0,6.88,1.08
27,451000,ARIRANG 종합채권(AA-이상)액티브,5,60,14,49,74,1.0,10.0,0.38,0.0,5.79,4.81
27,476450,히어로즈 머니마켓액티브,5,60,14,49,74,1.0,10.0,0.38,0.0,4.26,0.32
27,479080,1Q 머니마켓액티브,5,60,14,49,74,1.0,10.0,0.38,0.0,4.64,0.18
27,273140,KODEX 단기변동금리부채권액티브,5,60,14,49,74,1.0,10.0,0.38,0.0,1.87,0.25
27,439860,KODEX ESG종합채권(A-이상)액티브,5,60,14,49,74,1.0,10.0,0.38,0.0,5.42,2.08
27,448880,ACE 24-12 회사채(AA-이상)액티브,5,60,14,49,74,1.0,10.0,0.38,0.0,6.77,0.92
27,473290,KODEX 26-12 회사채(AA-이상)액티브,5,60,14,49,74,1.0,10.0,0.38,0.0,6.18,1.28
27,464540,KBSTAR 25-03 회사채(AA-이상)액티브,5,60,14,49,74,1.0,10.0,0.38,0.0,4.95,0.55
27,272560,KBSTAR 단기국공채액티브,5,60,14,49,74,1.0,10.0,0.38,0.0,2.0,0.36
27,463290,1Q 단기금융채액티브,5,60,14,49,74,1.0,10.0,0.38,0.0,4.58,0.26
27,438330,TIGER 투자등급회사채액티브,5,60,14,49,74,1.0,10.0,0.38,0.0,6.21,2.23
27,469820,SOL 24-12 회사채(AA-이상)액티브,5,60,14,49,74,1.0,10.0,0.38,0.0,5.13,0.34
27,461270,ACE 26-06 회사채(AA-이상)액티브,5,60,14,49,74,1.0,10.0,0.38,0.0,6.29,1.4
27,190620,ACE 단기통안채,5,60,14,49,74,1.0,10.0,0.38,0.0,1.77,0.13
27,454780,히어로즈 종합채권(AA-이상)액티브,5,60,14,49,74,1.0,10.0,0.38,0.0,4.98,4.32
27,469830,SOL 초단기채권액티브,5,60,14,49,74,1.0,10.0,0.38,0.0,4.6,0.21
27,477080,KBSTAR CD금리액티브(합성),5,60,14,49,74,1.0,10.0,0.38,0.0,3.84,0.14
27,196230,KBSTAR 단기통안채,5,60,14,49,74,1.0,10.0,0.38,0.0,1.78,0.21
27,455890,KBSTAR 머니마켓액티브,5,60,14,49,74,1.0,10.0,0.38,0.0,4.41,0.24
27,459580,KODEX CD금리액티브(합성),5,60,14,49,74,1.0,10.0,0.38,0.0,3.81,0.15
27,357870,TIGER CD금리투자KIS(합성),5,60,14,49,74,1.0,10.0,0.38,0.0,2.24,0.23
27,423160,KODEX KOFR금리액티브(합성),5,60,14,49,74,1.0,10.0,0.38,0.0,3.32,0.13
27,449170,TIGER KOFR금리액티브(합성),5,60,14,49,74,1.0,10.0,0.38,0.0,3.65,0.15
27,273130,KODEX 종합채권(AA-이상)액티브,5,60,14,49,74,1.0,10.0,0.38,4.51,1.74,3.05
27,465680,KODEX 24-12 은행채(AA+이상)액티브,5,60,14,49,74,1.0,10.0,0.38,0.0,4.34,0.59
27,470260,TIGER 24-12 금융채(AA-이상),5,60,14,49,74,1.0,10.0,0.38,0.0,4.94,0.35
27,214980,KODEX 단기채권PLUS,5,60,14,49,74,1.0,10.0,0.38,0.0,1.81,0.18
27,451540,TIGER 종합채권(AA-이상)액티브,5,60,14,49,74,1.0,10.0,0.38,0.0,5.14,4.07
27,475630,TIGER CD1년금리액티브(합성),5,60,14,49,74,1.0,10.0,0.38,0.0,3.84,0.14
27,481050,KODEX 1년은행양도성예금증서+액티브(합성),5,60,14,49,74,1.0,10.0,0.38,0.0,3.95,0.15
27,453540,TIGER 25-10 회사채(A+이상)액티브,5,60,14,49,74,1.0,10.0,0.38,0.0,4.65,1.46
27,476810,KODEX 25-11 은행채(AA-이상)PLUS액티브,5,60,14,49,74,1.0,10.0,0.38,0.0,5.99,0.85
27,447820,TIGER 24-10 회사채(A+이상)액티브,5,60,14,49,74,1.0,10.0,0.38,0.0,6.36,1.2
27,153130,KODEX 단기채권,5,60,14,49,74,1.0,10.0,0.38,0.0,1.93,0.34
27,272580,TIGER 단기채권액티브,5,60,14,49,74,1.0,10.0,0.38,0.0,1.91,0.22
27,464230,히어로즈 24-09 회사채(AA-이상)액티브,5,60,14,49,74,1.0,10.0,0.38,0.0,4.18,0.38
27,462540,SOL 25-09 회사채(AA-이상)액티브,5,60,14,49,74,1.0,10.0,0.38,0.0,5.7,1.01
27,432600,KBSTAR 국채선물3년,5,60,14,49,74,1.0,10.0,0.38,0.0,3.76,3.69
27,480260,TIGER 27-04회사채(A+이상)액티브,5,60,14,49,74,1.0,10.0,0.38,0.0,9.38,1.19
27,440640,ACE 단기채권알파액티브,5,60,14,49,74,1.0,10.0,0.38,0.0,3.81,0.34
27,397410,KBSTAR 국채선물5년추종인버스,5,60,14,49,74,1.0,10.0,0.38,0.0,4.11,4.48
27,479520,KBSTAR KOFR금리액티브(합성),5,60,14,49,74,1.0,10.0,0.38,0.0,3.69,0.15
27,122260,KOSEF 통안채1년,5,60,14,49,74,1.0,10.0,0.38,0.0,2.39,1.33
27,458030,WOORI 단기국공채액티브,5,60,14,49,74,1.0,10.0,0.38,0.0,3.98,0.24
27,272910,ACE 중장기국공채액티브,5,60,14,49,74,1.0,10.0,0.38,4.09,1.75,2.49
27,336160,KBSTAR 금융채액티브,5,60,14,49,74,1.0,10.0,0.38,4.41,1.94,2.03
27,114100,KBSTAR 국고채3년,5,60,14,49,74,1.0,10.0,0.38,2.17,2.88,1.8
27,363510,SOL KIS단기통안채,5,60,14,49,74,1.0,10.0,0.38,0.0,1.95,0.29
27,475280,ACE 8월만기자동연장회사채AA-이상액티브,5,60,14,49,74,1.0,10.0,0.38,0.0,4.02,0.51
27,438560,SOL 국고채3년,5,60,14,49,74,1.0,10.0,0.38,0.0,4.29,2.83
27,239660,ARIRANG 우량회사채50 1년,5,60,14,49,74,1.0,10.0,0.38,0.0,1.89,0.52
27,272570,KBSTAR 중장기국공채액티브,5,60,14,49,74,1.0,10.0,0.38,3.42,1.75,2.88
27,114470,KOSEF 국고채3년,5,60,14,49,74,1.0,10.0,0.38,3.41,2.86,1.75
27,453060,HANARO KOFR금리액티브(합성),5,60,14,49,74,1.0,10.0,0.38,0.0,3.72,0.17
27,471290,HANARO CD금리액티브(합성),5,60,14,49,74,1.0,10.0,0.38,0.0,3.65,0.18
27,430500,KOSEF 물가채KIS,5,60,14,49,74,1.0,10.0,0.38,0.0,6.8,4.65
27,136340,KBSTAR 중기우량회사채,5,60,14,49,74,1.0,10.0,0.38,4.55,2.91,1.36
27,464240,히어로즈 26-09 회사채(AA-이상)액티브,5,60,14,49,74,1.0,10.0,0.38,0.0,6.91,1.53
27,475270,ACE 5월만기자동연장회사채AA-이상액티브,5,60,14,49,74,1.0,10.0,0.38,0.0,4.37,0.5
27,470320,BNK 24-11 회사채(AA-이상)액티브,5,60,14,49,74,1.0,10.0,0.38,0.0,5.25,0.29
27,473440,ACE 11월만기자동연장회사채AA-이상액티브,5,60,14,49,74,1.0,10.0,0.38,0.0,4.59,1.79
27,484890,SOL 머니마켓액티브,5,60,14,49,74,1.0,10.0,0.38,0.0,4.14,0.12
27,385550,KBSTAR 단기종합채권(AA-이상)액티브,5,60,14,49,74,1.0,10.0,0.38,0.0,2.84,0.35
27,475260,ACE 2월만기자동연장회사채AA-이상액티브,5,60,14,49,74,1.0,10.0,0.38,0.0,4.6,0.5
27,458210,히어로즈 CD금리액티브(합성),5,60,14,49,74,1.0,10.0,0.38,0.0,3.67,0.26
27,472920,HK 종합채권(AA-이상)액티브,5,60,14,49,74,1.0,10.0,0.38,0.0,8.83,3.31
27,466400,1Q 25-08 회사채(A+이상)액티브,5,60,14,49,74,1.0,10.0,0.38,0.0,6.78,0.86
27,468820,WOORI 25-09 회사채(AA-이상)액티브,5,60,14,49,74,1.0,10.0,0.38,0.0,8.41,0.74
27,465780,마이티 26-09 특수채(AAA)액티브,5,60,14,49,74,1.0,10.0,0.38,0.0,7.41,1.64
27,282000,KBSTAR 국고채3년선물인버스,5,60,14,49,74,1.0,10.0,0.38,1.32,1.3,2.16
27,130730,KOSEF 단기자금,5,60,14,49,74,1.0,10.0,0.38,0.0,2.2,0.45
27,461260,ACE 25-06 회사채(AA-이상)액티브,5,60,14,49,74,1.0,10.0,0.38,0.0,5.26,0.97
27,453010,ARIRANG KOFR금리,5,60,14,49,74,1.0,10.0,0.38,0.0,3.57,0.15
27,419890,히어로즈 단기채권ESG액티브,5,60,14,49,74,1.0,10.0,0.38,0.0,3.59,0.58
27,448600,KBSTAR 25-11 회사채(AA-이상)액티브,5,60,14,49,74,1.0,10.0,0.38,0.0,7.4,1.89
27,483230,KBSTAR 25-06 은행채(AA+이상)액티브,5,60,14,49,74,1.0,10.0,0.38,0.0,5.93,0.36
27,432600,KBSTAR 국채선물3년,5,60,14,34,69,1.0,10.0,0.38,0.0,3.76,3.69
27,464540,KBSTAR 25-03 회사채(AA-이상)액티브,5,60,14,34,69,1.0,10.0,0.38,0.0,4.95,0.55
27,432600,KBSTAR 국채선물3년,5,60,14,39,59,1.0,10.0,0.37,0.0,3.76,3.69
27,471290,HANARO CD금리액티브(합성),5,60,14,39,54,1.0,10.0,0.37,0.0,3.65,0.18
27,273130,KODEX 종합채권(AA-이상)액티브,5,60,14,39,64,1.0,10.0,0.37,4.27,1.74,3.05
27,449170,TIGER KOFR금리액티브(합성),5,60,14,39,64,1.0,10.0,0.37,0.0,3.65,0.15
27,423160,KODEX KOFR금리액티브(합성),5,60,14,39,64,1.0,10.0,0.37,0.0,3.32,0.13
27,357870,TIGER CD금리투자KIS(합성),5,60,14,39,64,1.0,10.0,0.37,0.0,2.24,0.23
27,459580,KODEX CD금리액티브(합성),5,60,14,39,64,1.0,10.0,0.37,0.0,3.81,0.15
27,390950,HANARO 단기채권액티브,5,60,14,39,59,1.0,10.0,0.37,0.0,2.34,0.27
27,292770,KODEX 국채선물3년인버스,5,60,14,39,59,1.0,10.0,0.37,0.41,1.42,2.17
27,298340,ARIRANG 국채선물3년,5,60,14,39,59,1.0,10.0,0.37,2.45,1.64,2.08
27,390950,HANARO 단기채권액티브,5,60,14,39,54,1.0,10.0,0.37,0.0,2.34,0.27
27,298340,ARIRANG 국채선물3년,5,60,14,39,54,1.0,10.0,0.37,3.45,1.64,2.08
27,292770,KODEX 국채선물3년인버스,5,60,14,39,54,1.0,10.0,0.37,1.87,1.42,2.17
27,432600,KBSTAR 국채선물3년,5,60,14,39,54,1.0,10.0,0.37,0.0,3.76,3.69
27,430500,KOSEF 물가채KIS,5,60,14,39,54,1.0,10.0,0.37,0.0,6.8,4.65
27,453060,HANARO KOFR금리액티브(합성),5,60,14,39,54,1.0,10.0,0.37,0.0,3.72,0.17
27,464230,히어로즈 24-09 회사채(AA-이상)액티브,5,60,14,39,64,1.0,10.0,0.37,0.0,4.18,0.38
27,114470,KOSEF 국고채3년,5,60,14,39,54,1.0,10.0,0.37,2.81,2.86,1.75
27,272570,KBSTAR 중장기국공채액티브,5,60,14,39,54,1.0,10.0,0.37,3.06,1.75,2.88
27,239660,ARIRANG 우량회사채50 1년,5,60,14,39,54,1.0,10.0,0.37,0.0,1.89,0.52
27,438560,SOL 국고채3년,5,60,14,39,54,1.0,10.0,0.37,0.0,4.29,2.83
27,475280,ACE 8월만기자동연장회사채AA-이상액티브,5,60,14,39,54,1.0,10.0,0.37,0.0,4.02,0.51
27,363510,SOL KIS단기통안채,5,60,14,39,54,1.0,10.0,0.37,0.0,1.95,0.29
27,114100,KBSTAR 국고채3년,5,60,14,39,54,1.0,10.0,0.37,2.87,2.88,1.8
27,336160,KBSTAR 금융채액티브,5,60,14,39,54,1.0,10.0,0.37,3.6,1.94,2.03
27,272910,ACE 중장기국공채액티브,5,60,14,39,54,1.0,10.0,0.37,3.83,1.75,2.49
27,458030,WOORI 단기국공채액티브,5,60,14,39,54,1.0,10.0,0.37,0.0,3.98,0.24
27,122260,KOSEF 통안채1년,5,60,14,39,54,1.0,10.0,0.37,0.0,2.39,1.33
27,479520,KBSTAR KOFR금리액티브(합성),5,60,14,39,54,1.0,10.0,0.37,0.0,3.69,0.15
27,397410,KBSTAR 국채선물5년추종인버스,5,60,14,39,54,1.0,10.0,0.37,0.0,4.11,4.48
27,465680,KODEX 24-12 은행채(AA+이상)액티브,5,60,14,39,64,1.0,10.0,0.37,0.0,4.34,0.59
27,470260,TIGER 24-12 금융채(AA-이상),5,60,14,39,64,1.0,10.0,0.37,0.0,4.94,0.35
27,455890,KBSTAR 머니마켓액티브,5,60,14,39,64,1.0,10.0,0.37,0.0,4.41,0.24
27,214980,KODEX 단기채권PLUS,5,60,14,39,64,1.0,10.0,0.37,0.0,1.81,0.18
27,190620,ACE 단기통안채,5,60,14,39,64,1.0,10.0,0.37,0.0,1.77,0.13
27,461270,ACE 26-06 회사채(AA-이상)액티브,5,60,14,39,64,1.0,10.0,0.37,0.0,6.29,1.4
27,469820,SOL 24-12 회사채(AA-이상)액티브,5,60,14,39,64,1.0,10.0,0.37,0.0,5.13,0.34
27,438330,TIGER 투자등급회사채액티브,5,60,14,39,64,1.0,10.0,0.37,0.0,6.21,2.23
27,463290,1Q 단기금융채액티브,5,60,14,39,64,1.0,10.0,0.37,0.0,4.58,0.26
27,272560,KBSTAR 단기국공채액티브,5,60,14,39,64,1.0,10.0,0.37,0.0,2.0,0.36
27,430500,KOSEF 물가채KIS,5,60,14,39,59,1.0,10.0,0.37,0.0,6.8,4.65
27,473290,KODEX 26-12 회사채(AA-이상)액티브,5,60,14,39,64,1.0,10.0,0.37,0.0,6.18,1.28
27,448880,ACE 24-12 회사채(AA-이상)액티브,5,60,14,39,64,1.0,10.0,0.37,0.0,6.77,0.92
27,439860,KODEX ESG종합채권(A-이상)액티브,5,60,14,39,64,1.0,10.0,0.37,0.0,5.42,2.08
27,273140,KODEX 단기변동금리부채권액티브,5,60,14,39,64,1.0,10.0,0.37,0.0,1.87,0.25
27,479080,1Q 머니마켓액티브,5,60,14,39,64,1.0,10.0,0.37,0.0,4.64,0.18
27,476450,히어로즈 머니마켓액티브,5,60,14,39,64,1.0,10.0,0.37,0.0,4.26,0.32
27,451000,ARIRANG 종합채권(AA-이상)액티브,5,60,14,39,64,1.0,10.0,0.37,0.0,5.79,4.81
27,467940,KODEX 25-11 회사채(A+이상)액티브,5,60,14,39,64,1.0,10.0,0.37,0.0,6.88,1.08
27,477050,ARIRANG 머니마켓액티브,5,60,14,39,64,1.0,10.0,0.37,0.0,4.1,0.22
27,469830,SOL 초단기채권액티브,5,60,14,39,64,1.0,10.0,0.37,0.0,4.6,0.21
27,477080,KBSTAR CD금리액티브(합성),5,60,14,39,64,1.0,10.0,0.37,0.0,3.84,0.14
27,196230,KBSTAR 단기통안채,5,60,14,39,64,1.0,10.0,0.37,0.0,1.78,0.21
27,451540,TIGER 종합채권(AA-이상)액티브,5,60,14,39,64,1.0,10.0,0.37,0.0,5.14,4.07
27,272580,TIGER 단기채권액티브,5,60,14,39,64,1.0,10.0,0.37,0.0,1.91,0.22
27,153130,KODEX 단기채권,5,60,14,39,64,1.0,10.0,0.37,0.0,1.93,0.34
27,447820,TIGER 24-10 회사채(A+이상)액티브,5,60,14,39,64,1.0,10.0,0.37,0.0,6.36,1.2
27,476810,KODEX 25-11 은행채(AA-이상)PLUS액티브,5,60,14,39,64,1.0,10.0,0.37,0.0,5.99,0.85
27,453540,TIGER 25-10 회사채(A+이상)액티브,5,60,14,39,64,1.0,10.0,0.37,0.0,4.65,1.46
27,481050,KODEX 1년은행양도성예금증서+액티브(합성),5,60,14,39,64,1.0,10.0,0.37,0.0,3.95,0.15
27,475630,TIGER CD1년금리액티브(합성),5,60,14,39,64,1.0,10.0,0.37,0.0,3.84,0.14
27,440640,ACE 단기채권알파액티브,5,60,14,39,54,1.0,10.0,0.37,0.0,3.81,0.34
27,136340,KBSTAR 중기우량회사채,5,60,14,39,54,1.0,10.0,0.37,3.63,2.91,1.36
27,464240,히어로즈 26-09 회사채(AA-이상)액티브,5,60,14,39,54,1.0,10.0,0.37,0.0,6.91,1.53
27,473290,KODEX 26-12 회사채(AA-이상)액티브,5,60,14,39,54,1.0,10.0,0.37,0.0,6.18,1.28
27,439860,KODEX ESG종합채권(A-이상)액티브,5,60,14,39,54,1.0,10.0,0.37,0.0,5.42,2.08
27,273140,KODEX 단기변동금리부채권액티브,5,60,14,39,54,1.0,10.0,0.37,0.0,1.87,0.25
27,479080,1Q 머니마켓액티브,5,60,14,39,54,1.0,10.0,0.37,0.0,4.64,0.18
27,476450,히어로즈 머니마켓액티브,5,60,14,39,54,1.0,10.0,0.37,0.0,4.26,0.32
27,451000,ARIRANG 종합채권(AA-이상)액티브,5,60,14,39,54,1.0,10.0,0.37,0.0,5.79,4.81
27,467940,KODEX 25-11 회사채(A+이상)액티브,5,60,14,39,54,1.0,10.0,0.37,0.0,6.88,1.08
27,477050,ARIRANG 머니마켓액티브,5,60,14,39,54,1.0,10.0,0.37,0.0,4.1,0.22
27,469830,SOL 초단기채권액티브,5,60,14,39,54,1.0,10.0,0.37,0.0,4.6,0.21
27,477080,KBSTAR CD금리액티브(합성),5,60,14,39,54,1.0,10.0,0.37,0.0,3.84,0.14
27,196230,KBSTAR 단기통안채,5,60,14,39,54,1.0,10.0,0.37,0.0,1.78,0.21
27,451540,TIGER 종합채권(AA-이상)액티브,5,60,14,39,54,1.0,10.0,0.37,0.0,5.14,4.07
27,272580,TIGER 단기채권액티브,5,60,14,39,54,1.0,10.0,0.37,0.0,1.91,0.22
27,153130,KODEX 단기채권,5,60,14,39,54,1.0,10.0,0.37,0.0,1.93,0.34
27,447820,TIGER 24-10 회사채(A+이상)액티브,5,60,14,39,54,1.0,10.0,0.37,0.0,6.36,1.2
27,476810,KODEX 25-11 은행채(AA-이상)PLUS액티브,5,60,14,39,54,1.0,10.0,0.37,0.0,5.99,0.85
27,453540,TIGER 25-10 회사채(A+이상)액티브,5,60,14,39,54,1.0,10.0,0.37,0.0,4.65,1.46
27,481050,KODEX 1년은행양도성예금증서+액티브(합성),5,60,14,39,54,1.0,10.0,0.37,0.0,3.95,0.15
27,475630,TIGER CD1년금리액티브(합성),5,60,14,39,54,1.0,10.0,0.37,0.0,3.84,0.14
27,214980,KODEX 단기채권PLUS,5,60,14,39,54,1.0,10.0,0.37,0.0,1.81,0.18
27,455890,KBSTAR 머니마켓액티브,5,60,14,39,54,1.0,10.0,0.37,0.0,4.41,0.24
27,470260,TIGER 24-12 금융채(AA-이상),5,60,14,39,54,1.0,10.0,0.37,0.0,4.94,0.35
27,465680,KODEX 24-12 은행채(AA+이상)액티브,5,60,14,39,54,1.0,10.0,0.37,0.0,4.34,0.59
27,273130,KODEX 종합채권(AA-이상)액티브,5,60,14,39,54,1.0,10.0,0.37,3.32,1.74,3.05
27,449170,TIGER KOFR금리액티브(합성),5,60,14,39,54,1.0,10.0,0.37,0.0,3.65,0.15
27,423160,KODEX KOFR금리액티브(합성),5,60,14,39,54,1.0,10.0,0.37,0.0,3.32,0.13
27,357870,TIGER CD금리투자KIS(합성),5,60,14,39,54,1.0,10.0,0.37,0.0,2.24,0.23
27,459580,KODEX CD금리액티브(합성),5,60,14,39,54,1.0,10.0,0.37,0.0,3.81,0.15
27,448880,ACE 24-12 회사채(AA-이상)액티브,5,60,14,39,54,1.0,10.0,0.37,0.0,6.77,0.92
27,464540,KBSTAR 25-03 회사채(AA-이상)액티브,5,60,14,39,54,1.0,10.0,0.37,0.0,4.95,0.55
27,475270,ACE 5월만기자동연장회사채AA-이상액티브,5,60,14,39,54,1.0,10.0,0.37,0.0,4.37,0.5
27,272560,KBSTAR 단기국공채액티브,5,60,14,39,54,1.0,10.0,0.37,0.0,2.0,0.36
27,465780,마이티 26-09 특수채(AAA)액티브,5,60,14,39,54,1.0,10.0,0.37,0.0,7.41,1.64
27,483230,KBSTAR 25-06 은행채(AA+이상)액티브,5,60,14,39,54,1.0,10.0,0.37,0.0,5.93,0.36
27,448600,KBSTAR 25-11 회사채(AA-이상)액티브,5,60,14,39,54,1.0,10.0,0.37,0.0,7.4,1.89
27,419890,히어로즈 단기채권ESG액티브,5,60,14,39,54,1.0,10.0,0.37,0.0,3.59,0.58
27,453010,ARIRANG KOFR금리,5,60,14,39,54,1.0,10.0,0.37,0.0,3.57,0.15
27,461260,ACE 25-06 회사채(AA-이상)액티브,5,60,14,39,54,1.0,10.0,0.37,0.0,5.26,0.97
27,130730,KOSEF 단기자금,5,60,14,39,54,1.0,10.0,0.37,0.0,2.2,0.45
27,282000,KBSTAR 국고채3년선물인버스,5,60,14,39,54,1.0,10.0,0.37,1.75,1.3,2.16
27,468820,WOORI 25-09 회사채(AA-이상)액티브,5,60,14,39,54,1.0,10.0,0.37,0.0,8.41,0.74
27,470320,BNK 24-11 회사채(AA-이상)액티브,5,60,14,39,54,1.0,10.0,0.37,0.0,5.25,0.29
27,466400,1Q 25-08 회사채(A+이상)액티브,5,60,14,39,54,1.0,10.0,0.37,0.0,6.78,0.86
27,472920,HK 종합채권(AA-이상)액티브,5,60,14,39,54,1.0,10.0,0.37,0.0,8.83,3.31
27,458210,히어로즈 CD금리액티브(합성),5,60,14,39,54,1.0,10.0,0.37,0.0,3.67,0.26
27,475260,ACE 2월만기자동연장회사채AA-이상액티브,5,60,14,39,54,1.0,10.0,0.37,0.0,4.6,0.5
27,385550,KBSTAR 단기종합채권(AA-이상)액티브,5,60,14,39,54,1.0,10.0,0.37,0.0,2.84,0.35
27,484890,SOL 머니마켓액티브,5,60,14,39,54,1.0,10.0,0.37,0.0,4.14,0.12
27,473440,ACE 11월만기자동연장회사채AA-이상액티브,5,60,14,39,54,1.0,10.0,0.37,0.0,4.59,1.79
27,480260,TIGER 27-04회사채(A+이상)액티브,5,60,14,39,54,1.0,10.0,0.37,0.0,9.38,1.19
27,462540,SOL 25-09 회사채(AA-이상)액티브,5,60,14,39,54,1.0,10.0,0.37,0.0,5.7,1.01
27,278620,ARIRANG 단기채권액티브,5,60,14,39,54,1.0,10.0,0.37,0.0,1.94,0.42
27,464230,히어로즈 24-09 회사채(AA-이상)액티브,5,60,14,39,54,1.0,10.0,0.37,0.0,4.18,0.38
27,454780,히어로즈 종합채권(AA-이상)액티브,5,60,14,39,54,1.0,10.0,0.37,0.0,4.98,4.32
27,190620,ACE 단기통안채,5,60,14,39,54,1.0,10.0,0.37,0.0,1.77,0.13
27,461270,ACE 26-06 회사채(AA-이상)액티브,5,60,14,39,54,1.0,10.0,0.37,0.0,6.29,1.4
27,469820,SOL 24-12 회사채(AA-이상)액티브,5,60,14,39,54,1.0,10.0,0.37,0.0,5.13,0.34
27,438330,TIGER 투자등급회사채액티브,5,60,14,39,54,1.0,10.0,0.37,0.0,6.21,2.23
27,463290,1Q 단기금융채액티브,5,60,14,39,54,1.0,10.0,0.37,0.0,4.58,0.26
27,454780,히어로즈 종합채권(AA-이상)액티브,5,60,14,39,64,1.0,10.0,0.37,0.0,4.98,4.32
27,464540,KBSTAR 25-03 회사채(AA-이상)액티브,5,60,14,39,64,1.0,10.0,0.37,0.0,4.95,0.55
27,278620,ARIRANG 단기채권액티브,5,60,14,39,64,1.0,10.0,0.37,0.0,1.94,0.42
27,466400,1Q 25-08 회사채(A+이상)액티브,5,60,14,39,59,1.0,10.0,0.37,0.0,6.78,0.86
27,458210,히어로즈 CD금리액티브(합성),5,60,14,39,59,1.0,10.0,0.37,0.0,3.67,0.26
27,475260,ACE 2월만기자동연장회사채AA-이상액티브,5,60,14,39,59,1.0,10.0,0.37,0.0,4.6,0.5
27,385550,KBSTAR 단기종합채권(AA-이상)액티브,5,60,14,39,59,1.0,10.0,0.37,0.0,2.84,0.35
27,484890,SOL 머니마켓액티브,5,60,14,39,59,1.0,10.0,0.37,0.0,4.14,0.12
27,473440,ACE 11월만기자동연장회사채AA-이상액티브,5,60,14,39,59,1.0,10.0,0.37,0.0,4.59,1.79
27,480260,TIGER 27-04회사채(A+이상)액티브,5,60,14,39,59,1.0,10.0,0.37,0.0,9.38,1.19
27,462540,SOL 25-09 회사채(AA-이상)액티브,5,60,14,39,59,1.0,10.0,0.37,0.0,5.7,1.01
27,278620,ARIRANG 단기채권액티브,5,60,14,39,59,1.0,10.0,0.37,0.0,1.94,0.42
27,464230,히어로즈 24-09 회사채(AA-이상)액티브,5,60,14,39,59,1.0,10.0,0.37,0.0,4.18,0.38
27,454780,히어로즈 종합채권(AA-이상)액티브,5,60,14,39,59,1.0,10.0,0.37,0.0,4.98,4.32
27,190620,ACE 단기통안채,5,60,14,39,59,1.0,10.0,0.37,0.0,1.77,0.13
27,461270,ACE 26-06 회사채(AA-이상)액티브,5,60,14,39,59,1.0,10.0,0.37,0.0,6.29,1.4
27,469820,SOL 24-12 회사채(AA-이상)액티브,5,60,14,39,59,1.0,10.0,0.37,0.0,5.13,0.34
27,438330,TIGER 투자등급회사채액티브,5,60,14,39,59,1.0,10.0,0.37,0.0,6.21,2.23
27,463290,1Q 단기금융채액티브,5,60,14,39,59,1.0,10.0,0.37,0.0,4.58,0.26
27,272560,KBSTAR 단기국공채액티브,5,60,14,39,59,1.0,10.0,0.37,0.0,2.0,0.36
27,464540,KBSTAR 25-03 회사채(AA-이상)액티브,5,60,14,39,59,1.0,10.0,0.37,0.0,4.95,0.55
27,473290,KODEX 26-12 회사채(AA-이상)액티브,5,60,14,39,59,1.0,10.0,0.37,0.0,6.18,1.28
27,448880,ACE 24-12 회사채(AA-이상)액티브,5,60,14,39,59,1.0,10.0,0.37,0.0,6.77,0.92
27,462540,SOL 25-09 회사채(AA-이상)액티브,5,60,14,39,64,1.0,10.0,0.37,0.0,5.7,1.01
27,273140,KODEX 단기변동금리부채권액티브,5,60,14,39,59,1.0,10.0,0.37,0.0,1.87,0.25
27,479080,1Q 머니마켓액티브,5,60,14,39,59,1.0,10.0,0.37,0.0,4.64,0.18
27,476450,히어로즈 머니마켓액티브,5,60,14,39,59,1.0,10.0,0.37,0.0,4.26,0.32
27,451000,ARIRANG 종합채권(AA-이상)액티브,5,60,14,39,59,1.0,10.0,0.37,0.0,5.79,4.81
27,467940,KODEX 25-11 회사채(A+이상)액티브,5,60,14,39,59,1.0,10.0,0.37,0.0,6.88,1.08
27,477050,ARIRANG 머니마켓액티브,5,60,14,39,59,1.0,10.0,0.37,0.0,4.1,0.22
27,469830,SOL 초단기채권액티브,5,60,14,39,59,1.0,10.0,0.37,0.0,4.6,0.21
27,472920,HK 종합채권(AA-이상)액티브,5,60,14,39,59,1.0,10.0,0.37,0.0,8.83,3.31
27,470320,BNK 24-11 회사채(AA-이상)액티브,5,60,14,39,59,1.0,10.0,0.37,0.0,5.25,0.29
27,196230,KBSTAR 단기통안채,5,60,14,39,59,1.0,10.0,0.37,0.0,1.78,0.21
27,468820,WOORI 25-09 회사채(AA-이상)액티브,5,60,14,39,59,1.0,10.0,0.37,0.0,8.41,0.74
27,471290,HANARO CD금리액티브(합성),5,60,14,39,59,1.0,10.0,0.37,0.0,3.65,0.18
27,453060,HANARO KOFR금리액티브(합성),5,60,14,39,59,1.0,10.0,0.37,0.0,3.72,0.17
27,114470,KOSEF 국고채3년,5,60,14,39,59,1.0,10.0,0.37,2.71,2.86,1.75
27,272570,KBSTAR 중장기국공채액티브,5,60,14,39,59,1.0,10.0,0.37,3.22,1.75,2.88
27,239660,ARIRANG 우량회사채50 1년,5,60,14,39,59,1.0,10.0,0.37,0.0,1.89,0.52
27,438560,SOL 국고채3년,5,60,14,39,59,1.0,10.0,0.37,0.0,4.29,2.83
27,475280,ACE 8월만기자동연장회사채AA-이상액티브,5,60,14,39,59,1.0,10.0,0.37,0.0,4.02,0.51
27,363510,SOL KIS단기통안채,5,60,14,39,59,1.0,10.0,0.37,0.0,1.95,0.29
27,114100,KBSTAR 국고채3년,5,60,14,39,59,1.0,10.0,0.37,2.55,2.88,1.8
27,336160,KBSTAR 금융채액티브,5,60,14,39,59,1.0,10.0,0.37,4.63,1.94,2.03
27,272910,ACE 중장기국공채액티브,5,60,14,39,59,1.0,10.0,0.37,3.91,1.75,2.49
27,458030,WOORI 단기국공채액티브,5,60,14,39,59,1.0,10.0,0.37,0.0,3.98,0.24
27,122260,KOSEF 통안채1년,5,60,14,39,59,1.0,10.0,0.37,0.0,2.39,1.33
27,479520,KBSTAR KOFR금리액티브(합성),5,60,14,39,59,1.0,10.0,0.37,0.0,3.69,0.15
27,397410,KBSTAR 국채선물5년추종인버스,5,60,14,39,59,1.0,10.0,0.37,0.0,4.11,4.48
27,440640,ACE 단기채권알파액티브,5,60,14,39,59,1.0,10.0,0.37,0.0,3.81,0.34
27,136340,KBSTAR 중기우량회사채,5,60,14,39,59,1.0,10.0,0.37,4.66,2.91,1.36
27,464240,히어로즈 26-09 회사채(AA-이상)액티브,5,60,14,39,59,1.0,10.0,0.37,0.0,6.91,1.53
27,475270,ACE 5월만기자동연장회사채AA-이상액티브,5,60,14,39,59,1.0,10.0,0.37,0.0,4.37,0.5
27,465780,마이티 26-09 특수채(AAA)액티브,5,60,14,39,59,1.0,10.0,0.37,0.0,7.41,1.64
27,483230,KBSTAR 25-06 은행채(AA+이상)액티브,5,60,14,39,59,1.0,10.0,0.37,0.0,5.93,0.36
27,448600,KBSTAR 25-11 회사채(AA-이상)액티브,5,60,14,39,59,1.0,10.0,0.37,0.0,7.4,1.89
27,419890,히어로즈 단기채권ESG액티브,5,60,14,39,59,1.0,10.0,0.37,0.0,3.59,0.58
27,453010,ARIRANG KOFR금리,5,60,14,39,59,1.0,10.0,0.37,0.0,3.57,0.15
27,461260,ACE 25-06 회사채(AA-이상)액티브,5,60,14,39,59,1.0,10.0,0.37,0.0,5.26,0.97
27,130730,KOSEF 단기자금,5,60,14,39,59,1.0,10.0,0.37,0.0,2.2,0.45
27,282000,KBSTAR 국고채3년선물인버스,5,60,14,39,59,1.0,10.0,0.37,1.9,1.3,2.16
27,477080,KBSTAR CD금리액티브(합성),5,60,14,39,59,1.0,10.0,0.37,0.0,3.84,0.14
27,439860,KODEX ESG종합채권(A-이상)액티브,5,60,14,39,59,1.0,10.0,0.37,0.0,5.42,2.08
27,451540,TIGER 종합채권(AA-이상)액티브,5,60,14,39,59,1.0,10.0,0.37,0.0,5.14,4.07
27,114100,KBSTAR 국고채3년,5,60,14,39,64,1.0,10.0,0.37,3.13,2.88,1.8
27,272910,ACE 중장기국공채액티브,5,60,14,39,64,1.0,10.0,0.37,3.69,1.75,2.49
27,458030,WOORI 단기국공채액티브,5,60,14,39,64,1.0,10.0,0.37,0.0,3.98,0.24
27,122260,KOSEF 통안채1년,5,60,14,39,64,1.0,10.0,0.37,0.0,2.39,1.33
27,479520,KBSTAR KOFR금리액티브(합성),5,60,14,39,64,1.0,10.0,0.37,0.0,3.69,0.15
27,397410,KBSTAR 국채선물5년추종인버스,5,60,14,39,64,1.0,10.0,0.37,0.0,4.11,4.48
27,440640,ACE 단기채권알파액티브,5,60,14,39,64,1.0,10.0,0.37,0.0,3.81,0.34
27,136340,KBSTAR 중기우량회사채,5,60,14,39,64,1.0,10.0,0.37,3.68,2.91,1.36
27,272580,TIGER 단기채권액티브,5,60,14,39,59,1.0,10.0,0.37,0.0,1.91,0.22
27,475270,ACE 5월만기자동연장회사채AA-이상액티브,5,60,14,39,64,1.0,10.0,0.37,0.0,4.37,0.5
27,465780,마이티 26-09 특수채(AAA)액티브,5,60,14,39,64,1.0,10.0,0.37,0.0,7.41,1.64
27,483230,KBSTAR 25-06 은행채(AA+이상)액티브,5,60,14,39,64,1.0,10.0,0.37,0.0,5.93,0.36
27,448600,KBSTAR 25-11 회사채(AA-이상)액티브,5,60,14,39,64,1.0,10.0,0.37,0.0,7.4,1.89
27,419890,히어로즈 단기채권ESG액티브,5,60,14,39,64,1.0,10.0,0.37,0.0,3.59,0.58
27,453010,ARIRANG KOFR금리,5,60,14,39,64,1.0,10.0,0.37,0.0,3.57,0.15
27,461260,ACE 25-06 회사채(AA-이상)액티브,5,60,14,39,64,1.0,10.0,0.37,0.0,5.26,0.97
27,130730,KOSEF 단기자금,5,60,14,39,64,1.0,10.0,0.37,0.0,2.2,0.45
27,282000,KBSTAR 국고채3년선물인버스,5,60,14,39,64,1.0,10.0,0.37,1.11,1.3,2.16
27,468820,WOORI 25-09 회사채(AA-이상)액티브,5,60,14,39,64,1.0,10.0,0.37,0.0,8.41,0.74
27,470320,BNK 24-11 회사채(AA-이상)액티브,5,60,14,39,64,1.0,10.0,0.37,0.0,5.25,0.29
27,466400,1Q 25-08 회사채(A+이상)액티브,5,60,14,39,64,1.0,10.0,0.37,0.0,6.78,0.86
27,472920,HK 종합채권(AA-이상)액티브,5,60,14,39,64,1.0,10.0,0.37,0.0,8.83,3.31
27,458210,히어로즈 CD금리액티브(합성),5,60,14,39,64,1.0,10.0,0.37,0.0,3.67,0.26
27,475260,ACE 2월만기자동연장회사채AA-이상액티브,5,60,14,39,64,1.0,10.0,0.37,0.0,4.6,0.5
27,385550,KBSTAR 단기종합채권(AA-이상)액티브,5,60,14,39,64,1.0,10.0,0.37,0.0,2.84,0.35
27,484890,SOL 머니마켓액티브,5,60,14,39,64,1.0,10.0,0.37,0.0,4.14,0.12
27,473440,ACE 11월만기자동연장회사채AA-이상액티브,5,60,14,39,64,1.0,10.0,0.37,0.0,4.59,1.79
27,480260,TIGER 27-04회사채(A+이상)액티브,5,60,14,39,64,1.0,10.0,0.37,0.0,9.38,1.19
27,336160,KBSTAR 금융채액티브,5,60,14,39,64,1.0,10.0,0.37,3.83,1.94,2.03
27,464240,히어로즈 26-09 회사채(AA-이상)액티브,5,60,14,39,64,1.0,10.0,0.37,0.0,6.91,1.53
27,363510,SOL KIS단기통안채,5,60,14,39,64,1.0,10.0,0.37,0.0,1.95,0.29
27,357870,TIGER CD금리투자KIS(합성),5,60,14,39,59,1.0,10.0,0.37,0.0,2.24,0.23
27,153130,KODEX 단기채권,5,60,14,39,59,1.0,10.0,0.37,0.0,1.93,0.34
27,447820,TIGER 24-10 회사채(A+이상)액티브,5,60,14,39,59,1.0,10.0,0.37,0.0,6.36,1.2
27,476810,KODEX 25-11 은행채(AA-이상)PLUS액티브,5,60,14,39,59,1.0,10.0,0.37,0.0,5.99,0.85
27,453540,TIGER 25-10 회사채(A+이상)액티브,5,60,14,39,59,1.0,10.0,0.37,0.0,4.65,1.46
27,481050,KODEX 1년은행양도성예금증서+액티브(합성),5,60,14,39,59,1.0,10.0,0.37,0.0,3.95,0.15
27,475280,ACE 8월만기자동연장회사채AA-이상액티브,5,60,14,39,64,1.0,10.0,0.37,0.0,4.02,0.51
27,214980,KODEX 단기채권PLUS,5,60,14,39,59,1.0,10.0,0.37,0.0,1.81,0.18
27,455890,KBSTAR 머니마켓액티브,5,60,14,39,59,1.0,10.0,0.37,0.0,4.41,0.24
27,470260,TIGER 24-12 금융채(AA-이상),5,60,14,39,59,1.0,10.0,0.37,0.0,4.94,0.35
27,465680,KODEX 24-12 은행채(AA+이상)액티브,5,60,14,39,59,1.0,10.0,0.37,0.0,4.34,0.59
27,273130,KODEX 종합채권(AA-이상)액티브,5,60,14,39,59,1.0,10.0,0.37,4.23,1.74,3.05
27,449170,TIGER KOFR금리액티브(합성),5,60,14,39,59,1.0,10.0,0.37,0.0,3.65,0.15
27,423160,KODEX KOFR금리액티브(합성),5,60,14,39,59,1.0,10.0,0.37,0.0,3.32,0.13
27,475630,TIGER CD1년금리액티브(합성),5,60,14,39,59,1.0,10.0,0.37,0.0,3.84,0.14
27,459580,KODEX CD금리액티브(합성),5,60,14,39,59,1.0,10.0,0.37,0.0,3.81,0.15
27,471290,HANARO CD금리액티브(합성),5,60,14,39,64,1.0,10.0,0.37,0.0,3.65,0.18
27,390950,HANARO 단기채권액티브,5,60,14,39,64,1.0,10.0,0.37,0.0,2.34,0.27
27,438560,SOL 국고채3년,5,60,14,39,64,1.0,10.0,0.37,0.0,4.29,2.83
27,239660,ARIRANG 우량회사채50 1년,5,60,14,39,64,1.0,10.0,0.37,0.0,1.89,0.52
27,272570,KBSTAR 중장기국공채액티브,5,60,14,39,64,1.0,10.0,0.37,3.23,1.75,2.88
27,453060,HANARO KOFR금리액티브(합성),5,60,14,39,64,1.0,10.0,0.37,0.0,3.72,0.17
27,114470,KOSEF 국고채3년,5,60,14,39,64,1.0,10.0,0.37,3.29,2.86,1.75
27,430500,KOSEF 물가채KIS,5,60,14,39,64,1.0,10.0,0.37,0.0,6.8,4.65
27,432600,KBSTAR 국채선물3년,5,60,14,39,64,1.0,10.0,0.37,0.0,3.76,3.69
27,292770,KODEX 국채선물3년인버스,5,60,14,39,64,1.0,10.0,0.37,1.03,1.42,2.17
27,298340,ARIRANG 국채선물3년,5,60,14,39,64,1.0,10.0,0.37,2.79,1.64,2.08
27,453010,ARIRANG KOFR금리,5,60,14,49,69,1.0,10.0,0.36,0.0,3.57,0.15
27,136340,KBSTAR 중기우량회사채,5,60,14,49,69,1.0,10.0,0.36,4.04,2.91,1.36
27,440640,ACE 단기채권알파액티브,5,60,14,49,69,1.0,10.0,0.36,0.0,3.81,0.34
27,464240,히어로즈 26-09 회사채(AA-이상)액티브,5,60,14,49,69,1.0,10.0,0.36,0.0,6.91,1.53
27,475270,ACE 5월만기자동연장회사채AA-이상액티브,5,60,14,49,69,1.0,10.0,0.36,0.0,4.37,0.5
27,465780,마이티 26-09 특수채(AAA)액티브,5,60,14,49,69,1.0,10.0,0.36,0.0,7.41,1.64
27,483230,KBSTAR 25-06 은행채(AA+이상)액티브,5,60,14,49,69,1.0,10.0,0.36,0.0,5.93,0.36
27,448600,KBSTAR 25-11 회사채(AA-이상)액티브,5,60,14,49,69,1.0,10.0,0.36,0.0,7.4,1.89
27,419890,히어로즈 단기채권ESG액티브,5,60,14,49,69,1.0,10.0,0.36,0.0,3.59,0.58
27,466400,1Q 25-08 회사채(A+이상)액티브,5,60,14,49,69,1.0,10.0,0.36,0.0,6.78,0.86
27,461260,ACE 25-06 회사채(AA-이상)액티브,5,60,14,49,69,1.0,10.0,0.36,0.0,5.26,0.97
27,130730,KOSEF 단기자금,5,60,14,49,69,1.0,10.0,0.36,0.0,2.2,0.45
27,282000,KBSTAR 국고채3년선물인버스,5,60,14,49,69,1.0,10.0,0.36,0.78,1.3,2.16
27,468820,WOORI 25-09 회사채(AA-이상)액티브,5,60,14,49,69,1.0,10.0,0.36,0.0,8.41,0.74
27,470320,BNK 24-11 회사채(AA-이상)액티브,5,60,14,49,69,1.0,10.0,0.36,0.0,5.25,0.29
27,472920,HK 종합채권(AA-이상)액티브,5,60,14,49,69,1.0,10.0,0.36,0.0,8.83,3.31
27,458210,히어로즈 CD금리액티브(합성),5,60,14,49,69,1.0,10.0,0.36,0.0,3.67,0.26
27,479520,KBSTAR KOFR금리액티브(합성),5,60,14,49,69,1.0,10.0,0.36,0.0,3.69,0.15
27,475260,ACE 2월만기자동연장회사채AA-이상액티브,5,60,14,49,69,1.0,10.0,0.36,0.0,4.6,0.5
27,397410,KBSTAR 국채선물5년추종인버스,5,60,14,49,69,1.0,10.0,0.36,0.0,4.11,4.48
27,390950,HANARO 단기채권액티브,5,60,14,44,64,1.0,10.0,0.36,0.0,2.34,0.27
27,122260,KOSEF 통안채1년,5,60,14,49,69,1.0,10.0,0.36,0.0,2.39,1.33
27,458030,WOORI 단기국공채액티브,5,60,14,49,69,1.0,10.0,0.36,0.0,3.98,0.24
27,484890,SOL 머니마켓액티브,5,60,14,49,69,1.0,10.0,0.36,0.0,4.14,0.12
27,390950,HANARO 단기채권액티브,5,60,14,49,69,1.0,10.0,0.36,0.0,2.34,0.27
27,298340,ARIRANG 국채선물3년,5,60,14,49,69,1.0,10.0,0.36,1.6,1.64,2.08
27,292770,KODEX 국채선물3년인버스,5,60,14,49,69,1.0,10.0,0.36,1.03,1.42,2.17
27,432600,KBSTAR 국채선물3년,5,60,14,49,69,1.0,10.0,0.36,0.0,3.76,3.69
27,430500,KOSEF 물가채KIS,5,60,14,49,69,1.0,10.0,0.36,0.0,6.8,4.65
27,471290,HANARO CD금리액티브(합성),5,60,14,49,69,1.0,10.0,0.36,0.0,3.65,0.18
27,453060,HANARO KOFR금리액티브(합성),5,60,14,49,69,1.0,10.0,0.36,0.0,3.72,0.17
27,114470,KOSEF 국고채3년,5,60,14,49,69,1.0,10.0,0.36,3.3,2.86,1.75
27,272570,KBSTAR 중장기국공채액티브,5,60,14,49,69,1.0,10.0,0.36,3.42,1.75,2.88
27,239660,ARIRANG 우량회사채50 1년,5,60,14,49,69,1.0,10.0,0.36,0.0,1.89,0.52
27,438560,SOL 국고채3년,5,60,14,49,69,1.0,10.0,0.36,0.0,4.29,2.83
27,475280,ACE 8월만기자동연장회사채AA-이상액티브,5,60,14,49,69,1.0,10.0,0.36,0.0,4.02,0.51
27,363510,SOL KIS단기통안채,5,60,14,49,69,1.0,10.0,0.36,0.0,1.95,0.29
27,114100,KBSTAR 국고채3년,5,60,14,49,69,1.0,10.0,0.36,2.06,2.88,1.8
27,336160,KBSTAR 금융채액티브,5,60,14,49,69,1.0,10.0,0.36,4.42,1.94,2.03
27,272910,ACE 중장기국공채액티브,5,60,14,49,69,1.0,10.0,0.36,4.09,1.75,2.49
27,385550,KBSTAR 단기종합채권(AA-이상)액티브,5,60,14,49,69,1.0,10.0,0.36,0.0,2.84,0.35
27,473440,ACE 11월만기자동연장회사채AA-이상액티브,5,60,14,49,69,1.0,10.0,0.36,0.0,4.59,1.79
27,298340,ARIRANG 국채선물3년,5,60,14,44,64,1.0,10.0,0.36,2.79,1.64,2.08
27,484890,SOL 머니마켓액티브,5,60,14,44,59,1.0,10.0,0.36,0.0,4.14,0.12
27,136340,KBSTAR 중기우량회사채,5,60,14,44,59,1.0,10.0,0.36,4.66,2.91,1.36
27,464240,히어로즈 26-09 회사채(AA-이상)액티브,5,60,14,44,59,1.0,10.0,0.36,0.0,6.91,1.53
27,475270,ACE 5월만기자동연장회사채AA-이상액티브,5,60,14,44,59,1.0,10.0,0.36,0.0,4.37,0.5
27,465780,마이티 26-09 특수채(AAA)액티브,5,60,14,44,59,1.0,10.0,0.36,0.0,7.41,1.64
27,483230,KBSTAR 25-06 은행채(AA+이상)액티브,5,60,14,44,59,1.0,10.0,0.36,0.0,5.93,0.36
27,448600,KBSTAR 25-11 회사채(AA-이상)액티브,5,60,14,44,59,1.0,10.0,0.36,0.0,7.4,1.89
27,419890,히어로즈 단기채권ESG액티브,5,60,14,44,59,1.0,10.0,0.36,0.0,3.59,0.58
27,453010,ARIRANG KOFR금리,5,60,14,44,59,1.0,10.0,0.36,0.0,3.57,0.15
27,461260,ACE 25-06 회사채(AA-이상)액티브,5,60,14,44,59,1.0,10.0,0.36,0.0,5.26,0.97
27,130730,KOSEF 단기자금,5,60,14,44,59,1.0,10.0,0.36,0.0,2.2,0.45
27,282000,KBSTAR 국고채3년선물인버스,5,60,14,44,59,1.0,10.0,0.36,1.02,1.3,2.16
27,468820,WOORI 25-09 회사채(AA-이상)액티브,5,60,14,44,59,1.0,10.0,0.36,0.0,8.41,0.74
27,470320,BNK 24-11 회사채(AA-이상)액티브,5,60,14,44,59,1.0,10.0,0.36,0.0,5.25,0.29
27,466400,1Q 25-08 회사채(A+이상)액티브,5,60,14,44,59,1.0,10.0,0.36,0.0,6.78,0.86
27,472920,HK 종합채권(AA-이상)액티브,5,60,14,44,59,1.0,10.0,0.36,0.0,8.83,3.31
27,458210,히어로즈 CD금리액티브(합성),5,60,14,44,59,1.0,10.0,0.36,0.0,3.67,0.26
27,475260,ACE 2월만기자동연장회사채AA-이상액티브,5,60,14,44,59,1.0,10.0,0.36,0.0,4.6,0.5
27,480260,TIGER 27-04회사채(A+이상)액티브,5,60,14,49,69,1.0,10.0,0.36,0.0,9.38,1.19
27,397410,KBSTAR 국채선물5년추종인버스,5,60,14,44,59,1.0,10.0,0.36,0.0,4.11,4.48
27,479520,KBSTAR KOFR금리액티브(합성),5,60,14,44,59,1.0,10.0,0.36,0.0,3.69,0.15
27,272570,KBSTAR 중장기국공채액티브,5,60,14,44,59,1.0,10.0,0.36,3.22,1.75,2.88
27,298340,ARIRANG 국채선물3년,5,60,14,44,59,1.0,10.0,0.36,2.45,1.64,2.08
27,292770,KODEX 국채선물3년인버스,5,60,14,44,59,1.0,10.0,0.36,0.41,1.42,2.17
27,432600,KBSTAR 국채선물3년,5,60,14,44,59,1.0,10.0,0.36,0.0,3.76,3.69
27,430500,KOSEF 물가채KIS,5,60,14,44,59,1.0,10.0,0.36,0.0,6.8,4.65
27,471290,HANARO CD금리액티브(합성),5,60,14,44,59,1.0,10.0,0.36,0.0,3.65,0.18
27,453060,HANARO KOFR금리액티브(합성),5,60,14,44,59,1.0,10.0,0.36,0.0,3.72,0.17
27,114470,KOSEF 국고채3년,5,60,14,44,59,1.0,10.0,0.36,2.71,2.86,1.75
27,239660,ARIRANG 우량회사채50 1년,5,60,14,44,59,1.0,10.0,0.36,0.0,1.89,0.52
27,122260,KOSEF 통안채1년,5,60,14,44,59,1.0,10.0,0.36,0.0,2.39,1.33
27,438560,SOL 국고채3년,5,60,14,44,59,1.0,10.0,0.36,0.0,4.29,2.83
27,475280,ACE 8월만기자동연장회사채AA-이상액티브,5,60,14,44,59,1.0,10.0,0.36,0.0,4.02,0.51
27,363510,SOL KIS단기통안채,5,60,14,44,59,1.0,10.0,0.36,0.0,1.95,0.29
27,114100,KBSTAR 국고채3년,5,60,14,44,59,1.0,10.0,0.36,2.55,2.88,1.8
27,336160,KBSTAR 금융채액티브,5,60,14,44,59,1.0,10.0,0.36,4.63,1.94,2.03
27,272910,ACE 중장기국공채액티브,5,60,14,44,59,1.0,10.0,0.36,3.91,1.75,2.49
27,458030,WOORI 단기국공채액티브,5,60,14,44,59,1.0,10.0,0.36,0.0,3.98,0.24
27,385550,KBSTAR 단기종합채권(AA-이상)액티브,5,60,14,44,59,1.0,10.0,0.36,0.0,2.84,0.35
27,473440,ACE 11월만기자동연장회사채AA-이상액티브,5,60,14,44,59,1.0,10.0,0.36,0.0,4.59,1.79
27,357870,TIGER CD금리투자KIS(합성),5,60,14,44,59,1.0,10.0,0.36,0.0,2.24,0.23
27,480260,TIGER 27-04회사채(A+이상)액티브,5,60,14,44,59,1.0,10.0,0.36,0.0,9.38,1.19
27,469830,SOL 초단기채권액티브,5,60,14,44,59,1.0,10.0,0.36,0.0,4.6,0.21
27,477080,KBSTAR CD금리액티브(합성),5,60,14,44,59,1.0,10.0,0.36,0.0,3.84,0.14
27,196230,KBSTAR 단기통안채,5,60,14,44,59,1.0,10.0,0.36,0.0,1.78,0.21
27,451540,TIGER 종합채권(AA-이상)액티브,5,60,14,44,59,1.0,10.0,0.36,0.0,5.14,4.07
27,272580,TIGER 단기채권액티브,5,60,14,44,59,1.0,10.0,0.36,0.0,1.91,0.22
27,153130,KODEX 단기채권,5,60,14,44,59,1.0,10.0,0.36,0.0,1.93,0.34
27,447820,TIGER 24-10 회사채(A+이상)액티브,5,60,14,44,59,1.0,10.0,0.36,0.0,6.36,1.2
27,476810,KODEX 25-11 은행채(AA-이상)PLUS액티브,5,60,14,44,59,1.0,10.0,0.36,0.0,5.99,0.85
27,453540,TIGER 25-10 회사채(A+이상)액티브,5,60,14,44,59,1.0,10.0,0.36,0.0,4.65,1.46
27,481050,KODEX 1년은행양도성예금증서+액티브(합성),5,60,14,44,59,1.0,10.0,0.36,0.0,3.95,0.15
27,475630,TIGER CD1년금리액티브(합성),5,60,14,44,59,1.0,10.0,0.36,0.0,3.84,0.14
27,214980,KODEX 단기채권PLUS,5,60,14,44,59,1.0,10.0,0.36,0.0,1.81,0.18
27,455890,KBSTAR 머니마켓액티브,5,60,14,44,59,1.0,10.0,0.36,0.0,4.41,0.24
27,470260,TIGER 24-12 금융채(AA-이상),5,60,14,44,59,1.0,10.0,0.36,0.0,4.94,0.35
27,465680,KODEX 24-12 은행채(AA+이상)액티브,5,60,14,44,59,1.0,10.0,0.36,0.0,4.34,0.59
27,273130,KODEX 종합채권(AA-이상)액티브,5,60,14,44,59,1.0,10.0,0.36,4.23,1.74,3.05
27,449170,TIGER KOFR금리액티브(합성),5,60,14,44,59,1.0,10.0,0.36,0.0,3.65,0.15
27,477050,ARIRANG 머니마켓액티브,5,60,14,44,59,1.0,10.0,0.36,0.0,4.1,0.22
27,467940,KODEX 25-11 회사채(A+이상)액티브,5,60,14,44,59,1.0,10.0,0.36,0.0,6.88,1.08
27,451000,ARIRANG 종합채권(AA-이상)액티브,5,60,14,44,59,1.0,10.0,0.36,0.0,5.79,4.81
27,438330,TIGER 투자등급회사채액티브,5,60,14,44,59,1.0,10.0,0.36,0.0,6.21,2.23
27,462540,SOL 25-09 회사채(AA-이상)액티브,5,60,14,44,59,1.0,10.0,0.36,0.0,5.7,1.01
27,278620,ARIRANG 단기채권액티브,5,60,14,44,59,1.0,10.0,0.36,0.0,1.94,0.42
27,464230,히어로즈 24-09 회사채(AA-이상)액티브,5,60,14,44,59,1.0,10.0,0.36,0.0,4.18,0.38
27,454780,히어로즈 종합채권(AA-이상)액티브,5,60,14,44,59,1.0,10.0,0.36,0.0,4.98,4.32
27,190620,ACE 단기통안채,5,60,14,44,59,1.0,10.0,0.36,0.0,1.77,0.13
27,461270,ACE 26-06 회사채(AA-이상)액티브,5,60,14,44,59,1.0,10.0,0.36,0.0,6.29,1.4
27,469820,SOL 24-12 회사채(AA-이상)액티브,5,60,14,44,59,1.0,10.0,0.36,0.0,5.13,0.34
27,463290,1Q 단기금융채액티브,5,60,14,44,59,1.0,10.0,0.36,0.0,4.58,0.26
27,476450,히어로즈 머니마켓액티브,5,60,14,44,59,1.0,10.0,0.36,0.0,4.26,0.32
27,272560,KBSTAR 단기국공채액티브,5,60,14,44,59,1.0,10.0,0.36,0.0,2.0,0.36
27,464540,KBSTAR 25-03 회사채(AA-이상)액티브,5,60,14,44,59,1.0,10.0,0.36,0.0,4.95,0.55
27,473290,KODEX 26-12 회사채(AA-이상)액티브,5,60,14,44,59,1.0,10.0,0.36,0.0,6.18,1.28
27,448880,ACE 24-12 회사채(AA-이상)액티브,5,60,14,44,59,1.0,10.0,0.36,0.0,6.77,0.92
27,439860,KODEX ESG종합채권(A-이상)액티브,5,60,14,44,59,1.0,10.0,0.36,0.0,5.42,2.08
27,273140,KODEX 단기변동금리부채권액티브,5,60,14,44,59,1.0,10.0,0.36,0.0,1.87,0.25
27,479080,1Q 머니마켓액티브,5,60,14,44,59,1.0,10.0,0.36,0.0,4.64,0.18
27,390950,HANARO 단기채권액티브,5,60,14,44,59,1.0,10.0,0.36,0.0,2.34,0.27
27,459580,KODEX CD금리액티브(합성),5,60,14,44,64,1.0,10.0,0.36,0.0,3.81,0.15
27,357870,TIGER CD금리투자KIS(합성),5,60,14,44,64,1.0,10.0,0.36,0.0,2.24,0.23
27,423160,KODEX KOFR금리액티브(합성),5,60,14,44,64,1.0,10.0,0.36,0.0,3.32,0.13
27,464240,히어로즈 26-09 회사채(AA-이상)액티브,5,60,14,44,64,1.0,10.0,0.36,0.0,6.91,1.53
27,475270,ACE 5월만기자동연장회사채AA-이상액티브,5,60,14,44,64,1.0,10.0,0.36,0.0,4.37,0.5
27,465780,마이티 26-09 특수채(AAA)액티브,5,60,14,44,64,1.0,10.0,0.36,0.0,7.41,1.64
27,483230,KBSTAR 25-06 은행채(AA+이상)액티브,5,60,14,44,64,1.0,10.0,0.36,0.0,5.93,0.36
27,448600,KBSTAR 25-11 회사채(AA-이상)액티브,5,60,14,44,64,1.0,10.0,0.36,0.0,7.4,1.89
27,419890,히어로즈 단기채권ESG액티브,5,60,14,44,64,1.0,10.0,0.36,0.0,3.59,0.58
27,453010,ARIRANG KOFR금리,5,60,14,44,64,1.0,10.0,0.36,0.0,3.57,0.15
27,461260,ACE 25-06 회사채(AA-이상)액티브,5,60,14,44,64,1.0,10.0,0.36,0.0,5.26,0.97
27,130730,KOSEF 단기자금,5,60,14,44,64,1.0,10.0,0.36,0.0,2.2,0.45
27,282000,KBSTAR 국고채3년선물인버스,5,60,14,44,64,1.0,10.0,0.36,0.78,1.3,2.16
27,468820,WOORI 25-09 회사채(AA-이상)액티브,5,60,14,44,64,1.0,10.0,0.36,0.0,8.41,0.74
27,470320,BNK 24-11 회사채(AA-이상)액티브,5,60,14,44,64,1.0,10.0,0.36,0.0,5.25,0.29
27,466400,1Q 25-08 회사채(A+이상)액티브,5,60,14,44,64,1.0,10.0,0.36,0.0,6.78,0.86
27,472920,HK 종합채권(AA-이상)액티브,5,60,14,44,64,1.0,10.0,0.36,0.0,8.83,3.31
27,458210,히어로즈 CD금리액티브(합성),5,60,14,44,64,1.0,10.0,0.36,0.0,3.67,0.26
27,475260,ACE 2월만기자동연장회사채AA-이상액티브,5,60,14,44,64,1.0,10.0,0.36,0.0,4.6,0.5
27,385550,KBSTAR 단기종합채권(AA-이상)액티브,5,60,14,44,64,1.0,10.0,0.36,0.0,2.84,0.35
27,136340,KBSTAR 중기우량회사채,5,60,14,44,64,1.0,10.0,0.36,3.68,2.91,1.36
27,440640,ACE 단기채권알파액티브,5,60,14,44,64,1.0,10.0,0.36,0.0,3.81,0.34
27,397410,KBSTAR 국채선물5년추종인버스,5,60,14,44,64,1.0,10.0,0.36,0.0,4.11,4.48
27,239660,ARIRANG 우량회사채50 1년,5,60,14,44,64,1.0,10.0,0.36,0.0,1.89,0.52
27,292770,KODEX 국채선물3년인버스,5,60,14,44,64,1.0,10.0,0.36,1.03,1.42,2.17
27,432600,KBSTAR 국채선물3년,5,60,14,44,64,1.0,10.0,0.36,0.0,3.76,3.69
27,430500,KOSEF 물가채KIS,5,60,14,44,64,1.0,10.0,0.36,0.0,6.8,4.65
27,471290,HANARO CD금리액티브(합성),5,60,14,44,64,1.0,10.0,0.36,0.0,3.65,0.18
27,453060,HANARO KOFR금리액티브(합성),5,60,14,44,64,1.0,10.0,0.36,0.0,3.72,0.17
27,114470,KOSEF 국고채3년,5,60,14,44,64,1.0,10.0,0.36,3.29,2.86,1.75
27,272570,KBSTAR 중장기국공채액티브,5,60,14,44,64,1.0,10.0,0.36,3.23,1.75,2.88
27,438560,SOL 국고채3년,5,60,14,44,64,1.0,10.0,0.36,0.0,4.29,2.83
27,479520,KBSTAR KOFR금리액티브(합성),5,60,14,44,64,1.0,10.0,0.36,0.0,3.69,0.15
27,475280,ACE 8월만기자동연장회사채AA-이상액티브,5,60,14,44,64,1.0,10.0,0.36,0.0,4.02,0.51
27,363510,SOL KIS단기통안채,5,60,14,44,64,1.0,10.0,0.36,0.0,1.95,0.29
27,114100,KBSTAR 국고채3년,5,60,14,44,64,1.0,10.0,0.36,3.13,2.88,1.8
27,336160,KBSTAR 금융채액티브,5,60,14,44,64,1.0,10.0,0.36,3.83,1.94,2.03
27,272910,ACE 중장기국공채액티브,5,60,14,44,64,1.0,10.0,0.36,3.69,1.75,2.49
27,458030,WOORI 단기국공채액티브,5,60,14,44,64,1.0,10.0,0.36,0.0,3.98,0.24
27,122260,KOSEF 통안채1년,5,60,14,44,64,1.0,10.0,0.36,0.0,2.39,1.33
27,484890,SOL 머니마켓액티브,5,60,14,44,64,1.0,10.0,0.36,0.0,4.14,0.12
27,473440,ACE 11월만기자동연장회사채AA-이상액티브,5,60,14,44,64,1.0,10.0,0.36,0.0,4.59,1.79
27,480260,TIGER 27-04회사채(A+이상)액티브,5,60,14,44,64,1.0,10.0,0.36,0.0,9.38,1.19
27,453540,TIGER 25-10 회사채(A+이상)액티브,5,60,14,44,64,1.0,10.0,0.36,0.0,4.65,1.46
27,477080,KBSTAR CD금리액티브(합성),5,60,14,44,64,1.0,10.0,0.36,0.0,3.84,0.14
27,196230,KBSTAR 단기통안채,5,60,14,44,64,1.0,10.0,0.36,0.0,1.78,0.21
27,451540,TIGER 종합채권(AA-이상)액티브,5,60,14,44,64,1.0,10.0,0.36,0.0,5.14,4.07
27,272580,TIGER 단기채권액티브,5,60,14,44,64,1.0,10.0,0.36,0.0,1.91,0.22
27,153130,KODEX 단기채권,5,60,14,44,64,1.0,10.0,0.36,0.0,1.93,0.34
27,447820,TIGER 24-10 회사채(A+이상)액티브,5,60,14,44,64,1.0,10.0,0.36,0.0,6.36,1.2
27,476810,KODEX 25-11 은행채(AA-이상)PLUS액티브,5,60,14,44,64,1.0,10.0,0.36,0.0,5.99,0.85
27,481050,KODEX 1년은행양도성예금증서+액티브(합성),5,60,14,44,64,1.0,10.0,0.36,0.0,3.95,0.15
27,477050,ARIRANG 머니마켓액티브,5,60,14,44,64,1.0,10.0,0.36,0.0,4.1,0.22
27,475630,TIGER CD1년금리액티브(합성),5,60,14,44,64,1.0,10.0,0.36,0.0,3.84,0.14
27,214980,KODEX 단기채권PLUS,5,60,14,44,64,1.0,10.0,0.36,0.0,1.81,0.18
27,455890,KBSTAR 머니마켓액티브,5,60,14,44,64,1.0,10.0,0.36,0.0,4.41,0.24
27,470260,TIGER 24-12 금융채(AA-이상),5,60,14,44,64,1.0,10.0,0.36,0.0,4.94,0.35
27,465680,KODEX 24-12 은행채(AA+이상)액티브,5,60,14,44,64,1.0,10.0,0.36,0.0,4.34,0.59
27,273130,KODEX 종합채권(AA-이상)액티브,5,60,14,44,64,1.0,10.0,0.36,4.27,1.74,3.05
27,449170,TIGER KOFR금리액티브(합성),5,60,14,44,64,1.0,10.0,0.36,0.0,3.65,0.15
27,469830,SOL 초단기채권액티브,5,60,14,44,64,1.0,10.0,0.36,0.0,4.6,0.21
27,467940,KODEX 25-11 회사채(A+이상)액티브,5,60,14,44,64,1.0,10.0,0.36,0.0,6.88,1.08
27,462540,SOL 25-09 회사채(AA-이상)액티브,5,60,14,44,64,1.0,10.0,0.36,0.0,5.7,1.01
27,463290,1Q 단기금융채액티브,5,60,14,44,64,1.0,10.0,0.36,0.0,4.58,0.26
27,278620,ARIRANG 단기채권액티브,5,60,14,44,64,1.0,10.0,0.36,0.0,1.94,0.42
27,464230,히어로즈 24-09 회사채(AA-이상)액티브,5,60,14,44,64,1.0,10.0,0.36,0.0,4.18,0.38
27,454780,히어로즈 종합채권(AA-이상)액티브,5,60,14,44,64,1.0,10.0,0.36,0.0,4.98,4.32
27,190620,ACE 단기통안채,5,60,14,44,64,1.0,10.0,0.36,0.0,1.77,0.13
27,461270,ACE 26-06 회사채(AA-이상)액티브,5,60,14,44,64,1.0,10.0,0.36,0.0,6.29,1.4
27,469820,SOL 24-12 회사채(AA-이상)액티브,5,60,14,44,64,1.0,10.0,0.36,0.0,5.13,0.34
27,438330,TIGER 투자등급회사채액티브,5,60,14,44,64,1.0,10.0,0.36,0.0,6.21,2.23
27,272560,KBSTAR 단기국공채액티브,5,60,14,44,64,1.0,10.0,0.36,0.0,2.0,0.36
27,451000,ARIRANG 종합채권(AA-이상)액티브,5,60,14,44,64,1.0,10.0,0.36,0.0,5.79,4.81
27,464540,KBSTAR 25-03 회사채(AA-이상)액티브,5,60,14,44,64,1.0,10.0,0.36,0.0,4.95,0.55
27,473290,KODEX 26-12 회사채(AA-이상)액티브,5,60,14,44,64,1.0,10.0,0.36,0.0,6.18,1.28
27,448880,ACE 24-12 회사채(AA-이상)액티브,5,60,14,44,64,1.0,10.0,0.36,0.0,6.77,0.92
27,439860,KODEX ESG종합채권(A-이상)액티브,5,60,14,44,64,1.0,10.0,0.36,0.0,5.42,2.08
27,273140,KODEX 단기변동금리부채권액티브,5,60,14,44,64,1.0,10.0,0.36,0.0,1.87,0.25
27,479080,1Q 머니마켓액티브,5,60,14,44,64,1.0,10.0,0.36,0.0,4.64,0.18
27,476450,히어로즈 머니마켓액티브,5,60,14,44,64,1.0,10.0,0.36,0.0,4.26,0.32
27,423160,KODEX KOFR금리액티브(합성),5,60,14,44,59,1.0,10.0,0.36,0.0,3.32,0.13
27,440640,ACE 단기채권알파액티브,5,60,14,44,59,1.0,10.0,0.36,0.0,3.81,0.34
27,477050,ARIRANG 머니마켓액티브,5,60,14,49,69,1.0,10.0,0.36,0.0,4.1,0.22
27,459580,KODEX CD금리액티브(합성),5,60,14,49,69,1.0,10.0,0.36,0.0,3.81,0.15
27,477080,KBSTAR CD금리액티브(합성),5,60,14,49,69,1.0,10.0,0.36,0.0,3.84,0.14
27,196230,KBSTAR 단기통안채,5,60,14,49,69,1.0,10.0,0.36,0.0,1.78,0.21
27,451540,TIGER 종합채권(AA-이상)액티브,5,60,14,49,69,1.0,10.0,0.36,0.0,5.14,4.07
27,272580,TIGER 단기채권액티브,5,60,14,49,69,1.0,10.0,0.36,0.0,1.91,0.22
27,153130,KODEX 단기채권,5,60,14,49,69,1.0,10.0,0.36,0.0,1.93,0.34
27,447820,TIGER 24-10 회사채(A+이상)액티브,5,60,14,49,69,1.0,10.0,0.36,0.0,6.36,1.2
27,476810,KODEX 25-11 은행채(AA-이상)PLUS액티브,5,60,14,49,69,1.0,10.0,0.36,0.0,5.99,0.85
27,453540,TIGER 25-10 회사채(A+이상)액티브,5,60,14,49,69,1.0,10.0,0.36,0.0,4.65,1.46
27,481050,KODEX 1년은행양도성예금증서+액티브(합성),5,60,14,49,69,1.0,10.0,0.36,0.0,3.95,0.15
27,475630,TIGER CD1년금리액티브(합성),5,60,14,49,69,1.0,10.0,0.36,0.0,3.84,0.14
27,214980,KODEX 단기채권PLUS,5,60,14,49,69,1.0,10.0,0.36,0.0,1.81,0.18
27,455890,KBSTAR 머니마켓액티브,5,60,14,49,69,1.0,10.0,0.36,0.0,4.41,0.24
27,470260,TIGER 24-12 금융채(AA-이상),5,60,14,49,69,1.0,10.0,0.36,0.0,4.94,0.35
27,465680,KODEX 24-12 은행채(AA+이상)액티브,5,60,14,49,69,1.0,10.0,0.36,0.0,4.34,0.59
27,273130,KODEX 종합채권(AA-이상)액티브,5,60,14,49,69,1.0,10.0,0.36,4.51,1.74,3.05
27,449170,TIGER KOFR금리액티브(합성),5,60,14,49,69,1.0,10.0,0.36,0.0,3.65,0.15
27,423160,KODEX KOFR금리액티브(합성),5,60,14,49,69,1.0,10.0,0.36,0.0,3.32,0.13
27,469830,SOL 초단기채권액티브,5,60,14,49,69,1.0,10.0,0.36,0.0,4.6,0.21
27,467940,KODEX 25-11 회사채(A+이상)액티브,5,60,14,49,69,1.0,10.0,0.36,0.0,6.88,1.08
27,451000,ARIRANG 종합채권(AA-이상)액티브,5,60,14,49,69,1.0,10.0,0.36,0.0,5.79,4.81
27,438330,TIGER 투자등급회사채액티브,5,60,14,49,69,1.0,10.0,0.36,0.0,6.21,2.23
27,462540,SOL 25-09 회사채(AA-이상)액티브,5,60,14,49,69,1.0,10.0,0.36,0.0,5.7,1.01
27,278620,ARIRANG 단기채권액티브,5,60,14,49,69,1.0,10.0,0.36,0.0,1.94,0.42
27,464230,히어로즈 24-09 회사채(AA-이상)액티브,5,60,14,49,69,1.0,10.0,0.36,0.0,4.18,0.38
27,454780,히어로즈 종합채권(AA-이상)액티브,5,60,14,49,69,1.0,10.0,0.36,0.0,4.98,4.32
27,190620,ACE 단기통안채,5,60,14,49,69,1.0,10.0,0.36,0.0,1.77,0.13
27,461270,ACE 26-06 회사채(AA-이상)액티브,5,60,14,49,69,1.0,10.0,0.36,0.0,6.29,1.4
27,469820,SOL 24-12 회사채(AA-이상)액티브,5,60,14,49,69,1.0,10.0,0.36,0.0,5.13,0.34
27,463290,1Q 단기금융채액티브,5,60,14,49,69,1.0,10.0,0.36,0.0,4.58,0.26
27,476450,히어로즈 머니마켓액티브,5,60,14,49,69,1.0,10.0,0.36,0.0,4.26,0.32
27,272560,KBSTAR 단기국공채액티브,5,60,14,49,69,1.0,10.0,0.36,0.0,2.0,0.36
27,464540,KBSTAR 25-03 회사채(AA-이상)액티브,5,60,14,49,69,1.0,10.0,0.36,0.0,4.95,0.55
27,473290,KODEX 26-12 회사채(AA-이상)액티브,5,60,14,49,69,1.0,10.0,0.36,0.0,6.18,1.28
27,448880,ACE 24-12 회사채(AA-이상)액티브,5,60,14,49,69,1.0,10.0,0.36,0.0,6.77,0.92
27,439860,KODEX ESG종합채권(A-이상)액티브,5,60,14,49,69,1.0,10.0,0.36,0.0,5.42,2.08
27,273140,KODEX 단기변동금리부채권액티브,5,60,14,49,69,1.0,10.0,0.36,0.0,1.87,0.25
27,479080,1Q 머니마켓액티브,5,60,14,49,69,1.0,10.0,0.36,0.0,4.64,0.18
27,357870,TIGER CD금리투자KIS(합성),5,60,14,49,69,1.0,10.0,0.36,0.0,2.24,0.23
27,459580,KODEX CD금리액티브(합성),5,60,14,44,59,1.0,10.0,0.36,0.0,3.81,0.15
27,298340,ARIRANG 국채선물3년,5,60,14,34,64,1.0,10.0,0.35,2.79,1.64,2.08
27,469830,SOL 초단기채권액티브,5,60,14,34,64,1.0,10.0,0.35,0.0,4.6,0.21
27,467940,KODEX 25-11 회사채(A+이상)액티브,5,60,14,34,64,1.0,10.0,0.35,0.0,6.88,1.08
27,451000,ARIRANG 종합채권(AA-이상)액티브,5,60,14,34,64,1.0,10.0,0.35,0.0,5.79,4.81
27,476450,히어로즈 머니마켓액티브,5,60,14,34,64,1.0,10.0,0.35,0.0,4.26,0.32
27,479080,1Q 머니마켓액티브,5,60,14,34,64,1.0,10.0,0.35,0.0,4.64,0.18
27,273140,KODEX 단기변동금리부채권액티브,5,60,14,34,64,1.0,10.0,0.35,0.0,1.87,0.25
27,439860,KODEX ESG종합채권(A-이상)액티브,5,60,14,34,64,1.0,10.0,0.35,0.0,5.42,2.08
27,448880,ACE 24-12 회사채(AA-이상)액티브,5,60,14,34,64,1.0,10.0,0.35,0.0,6.77,0.92
27,473290,KODEX 26-12 회사채(AA-이상)액티브,5,60,14,34,64,1.0,10.0,0.35,0.0,6.18,1.28
27,464540,KBSTAR 25-03 회사채(AA-이상)액티브,5,60,14,34,64,1.0,10.0,0.35,0.0,4.95,0.55
27,272560,KBSTAR 단기국공채액티브,5,60,14,34,64,1.0,10.0,0.35,0.0,2.0,0.36
27,463290,1Q 단기금융채액티브,5,60,14,34,64,1.0,10.0,0.35,0.0,4.58,0.26
27,438330,TIGER 투자등급회사채액티브,5,60,14,34,64,1.0,10.0,0.35,0.0,6.21,2.23
27,469820,SOL 24-12 회사채(AA-이상)액티브,5,60,14,34,64,1.0,10.0,0.35,0.0,5.13,0.34
27,461270,ACE 26-06 회사채(AA-이상)액티브,5,60,14,34,64,1.0,10.0,0.35,0.0,6.29,1.4
27,190620,ACE 단기통안채,5,60,14,34,64,1.0,10.0,0.35,0.0,1.77,0.13
27,454780,히어로즈 종합채권(AA-이상)액티브,5,60,14,34,64,1.0,10.0,0.35,0.0,4.98,4.32
27,464230,히어로즈 24-09 회사채(AA-이상)액티브,5,60,14,34,64,1.0,10.0,0.35,0.0,4.18,0.38
27,477050,ARIRANG 머니마켓액티브,5,60,14,34,64,1.0,10.0,0.35,0.0,4.1,0.22
27,477080,KBSTAR CD금리액티브(합성),5,60,14,34,64,1.0,10.0,0.35,0.0,3.84,0.14
27,292770,KODEX 국채선물3년인버스,5,60,14,34,64,1.0,10.0,0.35,1.03,1.42,2.17
27,196230,KBSTAR 단기통안채,5,60,14,34,64,1.0,10.0,0.35,0.0,1.78,0.21
27,459580,KODEX CD금리액티브(합성),5,60,14,34,64,1.0,10.0,0.35,0.0,3.81,0.15
27,357870,TIGER CD금리투자KIS(합성),5,60,14,34,64,1.0,10.0,0.35,0.0,2.24,0.23
27,423160,KODEX KOFR금리액티브(합성),5,60,14,34,64,1.0,10.0,0.35,0.0,3.32,0.13
27,449170,TIGER KOFR금리액티브(합성),5,60,14,34,64,1.0,10.0,0.35,0.0,3.65,0.15
27,273130,KODEX 종합채권(AA-이상)액티브,5,60,14,34,64,1.0,10.0,0.35,4.27,1.74,3.05
27,465680,KODEX 24-12 은행채(AA+이상)액티브,5,60,14,34,64,1.0,10.0,0.35,0.0,4.34,0.59
27,470260,TIGER 24-12 금융채(AA-이상),5,60,14,34,64,1.0,10.0,0.35,0.0,4.94,0.35
27,455890,KBSTAR 머니마켓액티브,5,60,14,34,64,1.0,10.0,0.35,0.0,4.41,0.24
27,214980,KODEX 단기채권PLUS,5,60,14,34,64,1.0,10.0,0.35,0.0,1.81,0.18
27,475630,TIGER CD1년금리액티브(합성),5,60,14,34,64,1.0,10.0,0.35,0.0,3.84,0.14
27,481050,KODEX 1년은행양도성예금증서+액티브(합성),5,60,14,34,64,1.0,10.0,0.35,0.0,3.95,0.15
27,453540,TIGER 25-10 회사채(A+이상)액티브,5,60,14,34,64,1.0,10.0,0.35,0.0,4.65,1.46
27,476810,KODEX 25-11 은행채(AA-이상)PLUS액티브,5,60,14,34,64,1.0,10.0,0.35,0.0,5.99,0.85
27,447820,TIGER 24-10 회사채(A+이상)액티브,5,60,14,34,64,1.0,10.0,0.35,0.0,6.36,1.2
27,153130,KODEX 단기채권,5,60,14,34,64,1.0,10.0,0.35,0.0,1.93,0.34
27,272580,TIGER 단기채권액티브,5,60,14,34,64,1.0,10.0,0.35,0.0,1.91,0.22
27,451540,TIGER 종합채권(AA-이상)액티브,5,60,14,34,64,1.0,10.0,0.35,0.0,5.14,4.07
27,278620,ARIRANG 단기채권액티브,5,60,14,34,64,1.0,10.0,0.35,0.0,1.94,0.42
27,462540,SOL 25-09 회사채(AA-이상)액티브,5,60,14,34,64,1.0,10.0,0.35,0.0,5.7,1.01
27,480260,TIGER 27-04회사채(A+이상)액티브,5,60,14,34,64,1.0,10.0,0.35,0.0,9.38,1.19
27,473440,ACE 11월만기자동연장회사채AA-이상액티브,5,60,14,34,64,1.0,10.0,0.35,0.0,4.59,1.79
27,397410,KBSTAR 국채선물5년추종인버스,5,60,14,34,64,1.0,10.0,0.35,0.0,4.11,4.48
27,479520,KBSTAR KOFR금리액티브(합성),5,60,14,34,64,1.0,10.0,0.35,0.0,3.69,0.15
27,122260,KOSEF 통안채1년,5,60,14,34,64,1.0,10.0,0.35,0.0,2.39,1.33
27,458030,WOORI 단기국공채액티브,5,60,14,34,64,1.0,10.0,0.35,0.0,3.98,0.24
27,272910,ACE 중장기국공채액티브,5,60,14,34,64,1.0,10.0,0.35,3.69,1.75,2.49
27,336160,KBSTAR 금융채액티브,5,60,14,34,64,1.0,10.0,0.35,3.83,1.94,2.03
27,114100,KBSTAR 국고채3년,5,60,14,34,64,1.0,10.0,0.35,3.13,2.88,1.8
27,363510,SOL KIS단기통안채,5,60,14,34,64,1.0,10.0,0.35,0.0,1.95,0.29
27,475280,ACE 8월만기자동연장회사채AA-이상액티브,5,60,14,34,64,1.0,10.0,0.35,0.0,4.02,0.51
27,438560,SOL 국고채3년,5,60,14,34,64,1.0,10.0,0.35,0.0,4.29,2.83
27,239660,ARIRANG 우량회사채50 1년,5,60,14,34,64,1.0,10.0,0.35,0.0,1.89,0.52
27,272570,KBSTAR 중장기국공채액티브,5,60,14,34,64,1.0,10.0,0.35,3.23,1.75,2.88
27,114470,KOSEF 국고채3년,5,60,14,34,64,1.0,10.0,0.35,3.29,2.86,1.75
27,453060,HANARO KOFR금리액티브(합성),5,60,14,34,64,1.0,10.0,0.35,0.0,3.72,0.17
27,471290,HANARO CD금리액티브(합성),5,60,14,34,64,1.0,10.0,0.35,0.0,3.65,0.18
27,430500,KOSEF 물가채KIS,5,60,14,34,64,1.0,10.0,0.35,0.0,6.8,4.65
27,432600,KBSTAR 국채선물3년,5,60,14,34,64,1.0,10.0,0.35,0.0,3.76,3.69
27,440640,ACE 단기채권알파액티브,5,60,14,34,64,1.0,10.0,0.35,0.0,3.81,0.34
27,136340,KBSTAR 중기우량회사채,5,60,14,34,64,1.0,10.0,0.35,3.68,2.91,1.36
27,464240,히어로즈 26-09 회사채(AA-이상)액티브,5,60,14,34,64,1.0,10.0,0.35,0.0,6.91,1.53
27,468820,WOORI 25-09 회사채(AA-이상)액티브,5,60,14,34,64,1.0,10.0,0.35,0.0,8.41,0.74
27,484890,SOL 머니마켓액티브,5,60,14,34,64,1.0,10.0,0.35,0.0,4.14,0.12
27,385550,KBSTAR 단기종합채권(AA-이상)액티브,5,60,14,34,64,1.0,10.0,0.35,0.0,2.84,0.35
27,475260,ACE 2월만기자동연장회사채AA-이상액티브,5,60,14,34,64,1.0,10.0,0.35,0.0,4.6,0.5
27,458210,히어로즈 CD금리액티브(합성),5,60,14,34,64,1.0,10.0,0.35,0.0,3.67,0.26
27,472920,HK 종합채권(AA-이상)액티브,5,60,14,34,64,1.0,10.0,0.35,0.0,8.83,3.31
27,466400,1Q 25-08 회사채(A+이상)액티브,5,60,14,34,64,1.0,10.0,0.35,0.0,6.78,0.86
27,470320,BNK 24-11 회사채(AA-이상)액티브,5,60,14,34,64,1.0,10.0,0.35,0.0,5.25,0.29
27,282000,KBSTAR 국고채3년선물인버스,5,60,14,34,64,1.0,10.0,0.35,0.0,1.3,2.16
27,475270,ACE 5월만기자동연장회사채AA-이상액티브,5,60,14,34,64,1.0,10.0,0.35,0.0,4.37,0.5
27,130730,KOSEF 단기자금,5,60,14,34,64,1.0,10.0,0.35,0.0,2.2,0.45
27,461260,ACE 25-06 회사채(AA-이상)액티브,5,60,14,34,64,1.0,10.0,0.35,0.0,5.26,0.97
27,453010,ARIRANG KOFR금리,5,60,14,34,64,1.0,10.0,0.35,0.0,3.57,0.15
27,419890,히어로즈 단기채권ESG액티브,5,60,14,34,64,1.0,10.0,0.35,0.0,3.59,0.58
27,448600,KBSTAR 25-11 회사채(AA-이상)액티브,5,60,14,34,64,1.0,10.0,0.35,0.0,7.4,1.89
27,483230,KBSTAR 25-06 은행채(AA+이상)액티브,5,60,14,34,64,1.0,10.0,0.35,0.0,5.93,0.36
27,465780,마이티 26-09 특수채(AAA)액티브,5,60,14,34,64,1.0,10.0,0.35,0.0,7.41,1.64
27,390950,HANARO 단기채권액티브,5,60,14,34,59,1.0,10.0,0.35,0.0,2.34,0.27
27,298340,ARIRANG 국채선물3년,5,60,14,34,59,1.0,10.0,0.35,2.45,1.64,2.08
27,292770,KODEX 국채선물3년인버스,5,60,14,34,59,1.0,10.0,0.35,0.41,1.42,2.17
27,278620,ARIRANG 단기채권액티브,5,60,14,34,59,1.0,10.0,0.35,0.0,1.94,0.42
27,477050,ARIRANG 머니마켓액티브,5,60,14,34,59,1.0,10.0,0.35,0.0,4.1,0.22
27,467940,KODEX 25-11 회사채(A+이상)액티브,5,60,14,34,59,1.0,10.0,0.35,0.0,6.88,1.08
27,451000,ARIRANG 종합채권(AA-이상)액티브,5,60,14,34,59,1.0,10.0,0.35,0.0,5.79,4.81
27,476450,히어로즈 머니마켓액티브,5,60,14,34,59,1.0,10.0,0.35,0.0,4.26,0.32
27,479080,1Q 머니마켓액티브,5,60,14,34,59,1.0,10.0,0.35,0.0,4.64,0.18
27,273140,KODEX 단기변동금리부채권액티브,5,60,14,34,59,1.0,10.0,0.35,0.0,1.87,0.25
27,439860,KODEX ESG종합채권(A-이상)액티브,5,60,14,34,59,1.0,10.0,0.35,0.0,5.42,2.08
27,448880,ACE 24-12 회사채(AA-이상)액티브,5,60,14,34,59,1.0,10.0,0.35,0.0,6.77,0.92
27,473290,KODEX 26-12 회사채(AA-이상)액티브,5,60,14,34,59,1.0,10.0,0.35,0.0,6.18,1.28
27,464540,KBSTAR 25-03 회사채(AA-이상)액티브,5,60,14,34,59,1.0,10.0,0.35,0.0,4.95,0.55
27,272560,KBSTAR 단기국공채액티브,5,60,14,34,59,1.0,10.0,0.35,0.0,2.0,0.36
27,463290,1Q 단기금융채액티브,5,60,14,34,59,1.0,10.0,0.35,0.0,4.58,0.26
27,438330,TIGER 투자등급회사채액티브,5,60,14,34,59,1.0,10.0,0.35,0.0,6.21,2.23
27,469820,SOL 24-12 회사채(AA-이상)액티브,5,60,14,34,59,1.0,10.0,0.35,0.0,5.13,0.34
27,461270,ACE 26-06 회사채(AA-이상)액티브,5,60,14,34,59,1.0,10.0,0.35,0.0,6.29,1.4
27,190620,ACE 단기통안채,5,60,14,34,59,1.0,10.0,0.35,0.0,1.77,0.13
27,454780,히어로즈 종합채권(AA-이상)액티브,5,60,14,34,59,1.0,10.0,0.35,0.0,4.98,4.32
27,469830,SOL 초단기채권액티브,5,60,14,34,59,1.0,10.0,0.35,0.0,4.6,0.21
27,477080,KBSTAR CD금리액티브(합성),5,60,14,34,59,1.0,10.0,0.35,0.0,3.84,0.14
27,196230,KBSTAR 단기통안채,5,60,14,34,59,1.0,10.0,0.35,0.0,1.78,0.21
27,455890,KBSTAR 머니마켓액티브,5,60,14,34,59,1.0,10.0,0.35,0.0,4.41,0.24
27,459580,KODEX CD금리액티브(합성),5,60,14,34,59,1.0,10.0,0.35,0.0,3.81,0.15
27,357870,TIGER CD금리투자KIS(합성),5,60,14,34,59,1.0,10.0,0.35,0.0,2.24,0.23
27,423160,KODEX KOFR금리액티브(합성),5,60,14,34,59,1.0,10.0,0.35,0.0,3.32,0.13
27,449170,TIGER KOFR금리액티브(합성),5,60,14,34,59,1.0,10.0,0.35,0.0,3.65,0.15
27,273130,KODEX 종합채권(AA-이상)액티브,5,60,14,34,59,1.0,10.0,0.35,4.23,1.74,3.05
27,465680,KODEX 24-12 은행채(AA+이상)액티브,5,60,14,34,59,1.0,10.0,0.35,0.0,4.34,0.59
27,470260,TIGER 24-12 금융채(AA-이상),5,60,14,34,59,1.0,10.0,0.35,0.0,4.94,0.35
27,214980,KODEX 단기채권PLUS,5,60,14,34,59,1.0,10.0,0.35,0.0,1.81,0.18
27,451540,TIGER 종합채권(AA-이상)액티브,5,60,14,34,59,1.0,10.0,0.35,0.0,5.14,4.07
27,475630,TIGER CD1년금리액티브(합성),5,60,14,34,59,1.0,10.0,0.35,0.0,3.84,0.14
27,481050,KODEX 1년은행양도성예금증서+액티브(합성),5,60,14,34,59,1.0,10.0,0.35,0.0,3.95,0.15
27,453540,TIGER 25-10 회사채(A+이상)액티브,5,60,14,34,59,1.0,10.0,0.35,0.0,4.65,1.46
27,476810,KODEX 25-11 은행채(AA-이상)PLUS액티브,5,60,14,34,59,1.0,10.0,0.35,0.0,5.99,0.85
27,447820,TIGER 24-10 회사채(A+이상)액티브,5,60,14,34,59,1.0,10.0,0.35,0.0,6.36,1.2
27,153130,KODEX 단기채권,5,60,14,34,59,1.0,10.0,0.35,0.0,1.93,0.34
27,272580,TIGER 단기채권액티브,5,60,14,34,59,1.0,10.0,0.35,0.0,1.91,0.22
27,464230,히어로즈 24-09 회사채(AA-이상)액티브,5,60,14,34,59,1.0,10.0,0.35,0.0,4.18,0.38
27,462540,SOL 25-09 회사채(AA-이상)액티브,5,60,14,34,59,1.0,10.0,0.35,0.0,5.7,1.01
27,432600,KBSTAR 국채선물3년,5,60,14,34,59,1.0,10.0,0.35,0.0,3.76,3.69
27,480260,TIGER 27-04회사채(A+이상)액티브,5,60,14,34,59,1.0,10.0,0.35,0.0,9.38,1.19
27,440640,ACE 단기채권알파액티브,5,60,14,34,59,1.0,10.0,0.35,0.0,3.81,0.34
27,397410,KBSTAR 국채선물5년추종인버스,5,60,14,34,59,1.0,10.0,0.35,0.0,4.11,4.48
27,479520,KBSTAR KOFR금리액티브(합성),5,60,14,34,59,1.0,10.0,0.35,0.0,3.69,0.15
27,122260,KOSEF 통안채1년,5,60,14,34,59,1.0,10.0,0.35,0.0,2.39,1.33
27,458030,WOORI 단기국공채액티브,5,60,14,34,59,1.0,10.0,0.35,0.0,3.98,0.24
27,272910,ACE 중장기국공채액티브,5,60,14,34,59,1.0,10.0,0.35,3.91,1.75,2.49
27,336160,KBSTAR 금융채액티브,5,60,14,34,59,1.0,10.0,0.35,4.63,1.94,2.03
27,114100,KBSTAR 국고채3년,5,60,14,34,59,1.0,10.0,0.35,2.55,2.88,1.8
27,363510,SOL KIS단기통안채,5,60,14,34,59,1.0,10.0,0.35,0.0,1.95,0.29
27,475280,ACE 8월만기자동연장회사채AA-이상액티브,5,60,14,34,59,1.0,10.0,0.35,0.0,4.02,0.51
27,438560,SOL 국고채3년,5,60,14,34,59,1.0,10.0,0.35,0.0,4.29,2.83
27,239660,ARIRANG 우량회사채50 1년,5,60,14,34,59,1.0,10.0,0.35,0.0,1.89,0.52
27,272570,KBSTAR 중장기국공채액티브,5,60,14,34,59,1.0,10.0,0.35,3.22,1.75,2.88
27,114470,KOSEF 국고채3년,5,60,14,34,59,1.0,10.0,0.35,2.71,2.86,1.75
27,453060,HANARO KOFR금리액티브(합성),5,60,14,34,59,1.0,10.0,0.35,0.0,3.72,0.17
27,471290,HANARO CD금리액티브(합성),5,60,14,34,59,1.0,10.0,0.35,0.0,3.65,0.18
27,430500,KOSEF 물가채KIS,5,60,14,34,59,1.0,10.0,0.35,0.0,6.8,4.65
27,136340,KBSTAR 중기우량회사채,5,60,14,34,59,1.0,10.0,0.35,4.66,2.91,1.36
27,464240,히어로즈 26-09 회사채(AA-이상)액티브,5,60,14,34,59,1.0,10.0,0.35,0.0,6.91,1.53
27,475270,ACE 5월만기자동연장회사채AA-이상액티브,5,60,14,34,59,1.0,10.0,0.35,0.0,4.37,0.5
27,470320,BNK 24-11 회사채(AA-이상)액티브,5,60,14,34,59,1.0,10.0,0.35,0.0,5.25,0.29
27,473440,ACE 11월만기자동연장회사채AA-이상액티브,5,60,14,34,59,1.0,10.0,0.35,0.0,4.59,1.79
27,484890,SOL 머니마켓액티브,5,60,14,34,59,1.0,10.0,0.35,0.0,4.14,0.12
27,385550,KBSTAR 단기종합채권(AA-이상)액티브,5,60,14,34,59,1.0,10.0,0.35,0.0,2.84,0.35
27,475260,ACE 2월만기자동연장회사채AA-이상액티브,5,60,14,34,59,1.0,10.0,0.35,0.0,4.6,0.5
27,458210,히어로즈 CD금리액티브(합성),5,60,14,34,59,1.0,10.0,0.35,0.0,3.67,0.26
27,472920,HK 종합채권(AA-이상)액티브,5,60,14,34,59,1.0,10.0,0.35,0.0,8.83,3.31
27,466400,1Q 25-08 회사채(A+이상)액티브,5,60,14,34,59,1.0,10.0,0.35,0.0,6.78,0.86
27,468820,WOORI 25-09 회사채(AA-이상)액티브,5,60,14,34,59,1.0,10.0,0.35,0.0,8.41,0.74
27,465780,마이티 26-09 특수채(AAA)액티브,5,60,14,34,59,1.0,10.0,0.35,0.0,7.41,1.64
27,282000,KBSTAR 국고채3년선물인버스,5,60,14,34,59,1.0,10.0,0.35,0.0,1.3,2.16
27,130730,KOSEF 단기자금,5,60,14,34,59,1.0,10.0,0.35,0.0,2.2,0.45
27,461260,ACE 25-06 회사채(AA-이상)액티브,5,60,14,34,59,1.0,10.0,0.35,0.0,5.26,0.97
27,453010,ARIRANG KOFR금리,5,60,14,34,59,1.0,10.0,0.35,0.0,3.57,0.15
27,419890,히어로즈 단기채권ESG액티브,5,60,14,34,59,1.0,10.0,0.35,0.0,3.59,0.58
27,448600,KBSTAR 25-11 회사채(AA-이상)액티브,5,60,14,34,59,1.0,10.0,0.35,0.0,7.4,1.89
27,483230,KBSTAR 25-06 은행채(AA+이상)액티브,5,60,14,34,59,1.0,10.0,0.35,0.0,5.93,0.36
27,390950,HANARO 단기채권액티브,5,60,14,34,64,1.0,10.0,0.35,0.0,2.34,0.27
27,298340,ARIRANG 국채선물3년,5,60,14,44,54,1.0,10.0,0.34,3.45,1.64,2.08
27,390950,HANARO 단기채권액티브,5,60,14,44,54,1.0,10.0,0.34,0.0,2.34,0.27
27,469830,SOL 초단기채권액티브,5,60,14,44,54,1.0,10.0,0.34,0.0,4.6,0.21
27,196230,KBSTAR 단기통안채,5,60,14,44,54,1.0,10.0,0.34,0.0,1.78,0.21
27,451540,TIGER 종합채권(AA-이상)액티브,5,60,14,44,54,1.0,10.0,0.34,0.0,5.14,4.07
27,272580,TIGER 단기채권액티브,5,60,14,44,54,1.0,10.0,0.34,0.0,1.91,0.22
27,153130,KODEX 단기채권,5,60,14,44,54,1.0,10.0,0.34,0.0,1.93,0.34
27,447820,TIGER 24-10 회사채(A+이상)액티브,5,60,14,44,54,1.0,10.0,0.34,0.0,6.36,1.2
27,476810,KODEX 25-11 은행채(AA-이상)PLUS액티브,5,60,14,44,54,1.0,10.0,0.34,0.0,5.99,0.85
27,453540,TIGER 25-10 회사채(A+이상)액티브,5,60,14,44,54,1.0,10.0,0.34,0.0,4.65,1.46
27,481050,KODEX 1년은행양도성예금증서+액티브(합성),5,60,14,44,54,1.0,10.0,0.34,0.0,3.95,0.15
27,475630,TIGER CD1년금리액티브(합성),5,60,14,44,54,1.0,10.0,0.34,0.0,3.84,0.14
27,214980,KODEX 단기채권PLUS,5,60,14,44,54,1.0,10.0,0.34,0.0,1.81,0.18
27,455890,KBSTAR 머니마켓액티브,5,60,14,44,54,1.0,10.0,0.34,0.0,4.41,0.24
27,470260,TIGER 24-12 금융채(AA-이상),5,60,14,44,54,1.0,10.0,0.34,0.0,4.94,0.35
27,465680,KODEX 24-12 은행채(AA+이상)액티브,5,60,14,44,54,1.0,10.0,0.34,0.0,4.34,0.59
27,273130,KODEX 종합채권(AA-이상)액티브,5,60,14,44,54,1.0,10.0,0.34,3.32,1.74,3.05
27,449170,TIGER KOFR금리액티브(합성),5,60,14,44,54,1.0,10.0,0.34,0.0,3.65,0.15
27,423160,KODEX KOFR금리액티브(합성),5,60,14,44,54,1.0,10.0,0.34,0.0,3.32,0.13
27,357870,TIGER CD금리투자KIS(합성),5,60,14,44,54,1.0,10.0,0.34,0.0,2.24,0.23
27,477080,KBSTAR CD금리액티브(합성),5,60,14,44,54,1.0,10.0,0.34,0.0,3.84,0.14
27,477050,ARIRANG 머니마켓액티브,5,60,14,44,54,1.0,10.0,0.34,0.0,4.1,0.22
27,473440,ACE 11월만기자동연장회사채AA-이상액티브,5,60,14,44,54,1.0,10.0,0.34,0.0,4.59,1.79
27,467940,KODEX 25-11 회사채(A+이상)액티브,5,60,14,44,54,1.0,10.0,0.34,0.0,6.88,1.08
27,278620,ARIRANG 단기채권액티브,5,60,14,44,54,1.0,10.0,0.34,0.0,1.94,0.42
27,464230,히어로즈 24-09 회사채(AA-이상)액티브,5,60,14,44,54,1.0,10.0,0.34,0.0,4.18,0.38
27,454780,히어로즈 종합채권(AA-이상)액티브,5,60,14,44,54,1.0,10.0,0.34,0.0,4.98,4.32
27,190620,ACE 단기통안채,5,60,14,44,54,1.0,10.0,0.34,0.0,1.77,0.13
27,461270,ACE 26-06 회사채(AA-이상)액티브,5,60,14,44,54,1.0,10.0,0.34,0.0,6.29,1.4
27,469820,SOL 24-12 회사채(AA-이상)액티브,5,60,14,44,54,1.0,10.0,0.34,0.0,5.13,0.34
27,438330,TIGER 투자등급회사채액티브,5,60,14,44,54,1.0,10.0,0.34,0.0,6.21,2.23
27,463290,1Q 단기금융채액티브,5,60,14,44,54,1.0,10.0,0.34,0.0,4.58,0.26
27,272560,KBSTAR 단기국공채액티브,5,60,14,44,54,1.0,10.0,0.34,0.0,2.0,0.36
27,464540,KBSTAR 25-03 회사채(AA-이상)액티브,5,60,14,44,54,1.0,10.0,0.34,0.0,4.95,0.55
27,473290,KODEX 26-12 회사채(AA-이상)액티브,5,60,14,44,54,1.0,10.0,0.34,0.0,6.18,1.28
27,448880,ACE 24-12 회사채(AA-이상)액티브,5,60,14,44,54,1.0,10.0,0.34,0.0,6.77,0.92
27,439860,KODEX ESG종합채권(A-이상)액티브,5,60,14,44,54,1.0,10.0,0.34,0.0,5.42,2.08
27,273140,KODEX 단기변동금리부채권액티브,5,60,14,44,54,1.0,10.0,0.34,0.0,1.87,0.25
27,479080,1Q 머니마켓액티브,5,60,14,44,54,1.0,10.0,0.34,0.0,4.64,0.18
27,476450,히어로즈 머니마켓액티브,5,60,14,44,54,1.0,10.0,0.34,0.0,4.26,0.32
27,451000,ARIRANG 종합채권(AA-이상)액티브,5,60,14,44,54,1.0,10.0,0.34,0.0,5.79,4.81
27,459580,KODEX CD금리액티브(합성),5,60,14,44,54,1.0,10.0,0.34,0.0,3.81,0.15
27,462540,SOL 25-09 회사채(AA-이상)액티브,5,60,14,44,54,1.0,10.0,0.34,0.0,5.7,1.01
27,363510,SOL KIS단기통안채,5,60,14,44,54,1.0,10.0,0.34,0.0,1.95,0.29
27,480260,TIGER 27-04회사채(A+이상)액티브,5,60,14,44,54,1.0,10.0,0.34,0.0,9.38,1.19
27,440640,ACE 단기채권알파액티브,5,60,14,44,54,1.0,10.0,0.34,0.0,3.81,0.34
27,397410,KBSTAR 국채선물5년추종인버스,5,60,14,44,54,1.0,10.0,0.34,0.0,4.11,4.48
27,122260,KOSEF 통안채1년,5,60,14,44,54,1.0,10.0,0.34,0.0,2.39,1.33
27,458030,WOORI 단기국공채액티브,5,60,14,44,54,1.0,10.0,0.34,0.0,3.98,0.24
27,272910,ACE 중장기국공채액티브,5,60,14,44,54,1.0,10.0,0.34,3.83,1.75,2.49
27,336160,KBSTAR 금융채액티브,5,60,14,44,54,1.0,10.0,0.34,3.6,1.94,2.03
27,114100,KBSTAR 국고채3년,5,60,14,44,54,1.0,10.0,0.34,2.87,2.88,1.8
27,475280,ACE 8월만기자동연장회사채AA-이상액티브,5,60,14,44,54,1.0,10.0,0.34,0.0,4.02,0.51
27,438560,SOL 국고채3년,5,60,14,44,54,1.0,10.0,0.34,0.0,4.29,2.83
27,239660,ARIRANG 우량회사채50 1년,5,60,14,44,54,1.0,10.0,0.34,0.0,1.89,0.52
27,272570,KBSTAR 중장기국공채액티브,5,60,14,44,54,1.0,10.0,0.34,3.06,1.75,2.88
27,114470,KOSEF 국고채3년,5,60,14,44,54,1.0,10.0,0.34,2.81,2.86,1.75
27,453060,HANARO KOFR금리액티브(합성),5,60,14,44,54,1.0,10.0,0.34,0.0,3.72,0.17
27,471290,HANARO CD금리액티브(합성),5,60,14,44,54,1.0,10.0,0.34,0.0,3.65,0.18
27,430500,KOSEF 물가채KIS,5,60,14,44,54,1.0,10.0,0.34,0.0,6.8,4.65
27,432600,KBSTAR 국채선물3년,5,60,14,44,54,1.0,10.0,0.34,0.0,3.76,3.69
27,292770,KODEX 국채선물3년인버스,5,60,14,44,54,1.0,10.0,0.34,0.65,1.42,2.17
27,136340,KBSTAR 중기우량회사채,5,60,14,44,54,1.0,10.0,0.34,3.63,2.91,1.36
27,479520,KBSTAR KOFR금리액티브(합성),5,60,14,44,54,1.0,10.0,0.34,0.0,3.69,0.15
27,464240,히어로즈 26-09 회사채(AA-이상)액티브,5,60,14,44,54,1.0,10.0,0.34,0.0,6.91,1.53
27,282000,KBSTAR 국고채3년선물인버스,5,60,14,44,54,1.0,10.0,0.34,0.89,1.3,2.16
27,484890,SOL 머니마켓액티브,5,60,14,44,54,1.0,10.0,0.34,0.0,4.14,0.12
27,385550,KBSTAR 단기종합채권(AA-이상)액티브,5,60,14,44,54,1.0,10.0,0.34,0.0,2.84,0.35
27,475260,ACE 2월만기자동연장회사채AA-이상액티브,5,60,14,44,54,1.0,10.0,0.34,0.0,4.6,0.5
27,458210,히어로즈 CD금리액티브(합성),5,60,14,44,54,1.0,10.0,0.34,0.0,3.67,0.26
27,472920,HK 종합채권(AA-이상)액티브,5,60,14,44,54,1.0,10.0,0.34,0.0,8.83,3.31
27,475270,ACE 5월만기자동연장회사채AA-이상액티브,5,60,14,44,54,1.0,10.0,0.34,0.0,4.37,0.5
27,470320,BNK 24-11 회사채(AA-이상)액티브,5,60,14,44,54,1.0,10.0,0.34,0.0,5.25,0.29
27,468820,WOORI 25-09 회사채(AA-이상)액티브,5,60,14,44,54,1.0,10.0,0.34,0.0,8.41,0.74
27,466400,1Q 25-08 회사채(A+이상)액티브,5,60,14,44,54,1.0,10.0,0.34,0.0,6.78,0.86
27,130730,KOSEF 단기자금,5,60,14,44,54,1.0,10.0,0.34,0.0,2.2,0.45
27,419890,히어로즈 단기채권ESG액티브,5,60,14,44,54,1.0,10.0,0.34,0.0,3.59,0.58
27,483230,KBSTAR 25-06 은행채(AA+이상)액티브,5,60,14,44,54,1.0,10.0,0.34,0.0,5.93,0.36
27,448600,KBSTAR 25-11 회사채(AA-이상)액티브,5,60,14,44,54,1.0,10.0,0.34,0.0,7.4,1.89
27,465780,마이티 26-09 특수채(AAA)액티브,5,60,14,44,54,1.0,10.0,0.34,0.0,7.41,1.64
27,453010,ARIRANG KOFR금리,5,60,14,44,54,1.0,10.0,0.34,0.0,3.57,0.15
27,461260,ACE 25-06 회사채(AA-이상)액티브,5,60,14,44,54,1.0,10.0,0.34,0.0,5.26,0.97
27,214980,KODEX 단기채권PLUS,5,60,14,49,64,1.0,10.0,0.33,0.0,1.81,0.18
27,196230,KBSTAR 단기통안채,5,60,14,49,64,1.0,10.0,0.33,0.0,1.78,0.21
27,451540,TIGER 종합채권(AA-이상)액티브,5,60,14,49,64,1.0,10.0,0.33,0.0,5.14,4.07
27,272580,TIGER 단기채권액티브,5,60,14,49,64,1.0,10.0,0.33,0.0,1.91,0.22
27,153130,KODEX 단기채권,5,60,14,49,64,1.0,10.0,0.33,0.0,1.93,0.34
27,447820,TIGER 24-10 회사채(A+이상)액티브,5,60,14,49,64,1.0,10.0,0.33,0.0,6.36,1.2
27,476810,KODEX 25-11 은행채(AA-이상)PLUS액티브,5,60,14,49,64,1.0,10.0,0.33,0.0,5.99,0.85
27,453540,TIGER 25-10 회사채(A+이상)액티브,5,60,14,49,64,1.0,10.0,0.33,0.0,4.65,1.46
27,481050,KODEX 1년은행양도성예금증서+액티브(합성),5,60,14,49,64,1.0,10.0,0.33,0.0,3.95,0.15
27,475630,TIGER CD1년금리액티브(합성),5,60,14,49,64,1.0,10.0,0.33,0.0,3.84,0.14
27,298340,ARIRANG 국채선물3년,5,60,14,49,64,1.0,10.0,0.33,1.19,1.64,2.08
27,455890,KBSTAR 머니마켓액티브,5,60,14,49,64,1.0,10.0,0.33,0.0,4.41,0.24
27,470260,TIGER 24-12 금융채(AA-이상),5,60,14,49,64,1.0,10.0,0.33,0.0,4.94,0.35
27,465680,KODEX 24-12 은행채(AA+이상)액티브,5,60,14,49,64,1.0,10.0,0.33,0.0,4.34,0.59
27,273130,KODEX 종합채권(AA-이상)액티브,5,60,14,49,64,1.0,10.0,0.33,4.27,1.74,3.05
27,449170,TIGER KOFR금리액티브(합성),5,60,14,49,64,1.0,10.0,0.33,0.0,3.65,0.15
27,423160,KODEX KOFR금리액티브(합성),5,60,14,49,64,1.0,10.0,0.33,0.0,3.32,0.13
27,357870,TIGER CD금리투자KIS(합성),5,60,14,49,64,1.0,10.0,0.33,0.0,2.24,0.23
27,459580,KODEX CD금리액티브(합성),5,60,14,49,64,1.0,10.0,0.33,0.0,3.81,0.15
27,469830,SOL 초단기채권액티브,5,60,14,49,64,1.0,10.0,0.33,0.0,4.6,0.21
27,477080,KBSTAR CD금리액티브(합성),5,60,14,49,64,1.0,10.0,0.33,0.0,3.84,0.14
27,477050,ARIRANG 머니마켓액티브,5,60,14,49,64,1.0,10.0,0.33,0.0,4.1,0.22
27,292770,KODEX 국채선물3년인버스,5,60,14,49,64,1.0,10.0,0.33,1.03,1.42,2.17
27,467940,KODEX 25-11 회사채(A+이상)액티브,5,60,14,49,64,1.0,10.0,0.33,0.0,6.88,1.08
27,461260,ACE 25-06 회사채(AA-이상)액티브,5,60,14,49,64,1.0,10.0,0.33,0.0,5.26,0.97
27,453010,ARIRANG KOFR금리,5,60,14,49,64,1.0,10.0,0.33,0.0,3.57,0.15
27,419890,히어로즈 단기채권ESG액티브,5,60,14,49,64,1.0,10.0,0.33,0.0,3.59,0.58
27,448600,KBSTAR 25-11 회사채(AA-이상)액티브,5,60,14,49,64,1.0,10.0,0.33,0.0,7.4,1.89
27,483230,KBSTAR 25-06 은행채(AA+이상)액티브,5,60,14,49,64,1.0,10.0,0.33,0.0,5.93,0.36
27,465780,마이티 26-09 특수채(AAA)액티브,5,60,14,49,64,1.0,10.0,0.33,0.0,7.41,1.64
27,475270,ACE 5월만기자동연장회사채AA-이상액티브,5,60,14,49,64,1.0,10.0,0.33,0.0,4.37,0.5
27,464240,히어로즈 26-09 회사채(AA-이상)액티브,5,60,14,49,64,1.0,10.0,0.33,0.0,6.91,1.53
27,136340,KBSTAR 중기우량회사채,5,60,14,49,64,1.0,10.0,0.33,3.68,2.91,1.36
27,440640,ACE 단기채권알파액티브,5,60,14,49,64,1.0,10.0,0.33,0.0,3.81,0.34
27,397410,KBSTAR 국채선물5년추종인버스,5,60,14,49,64,1.0,10.0,0.33,0.0,4.11,4.48
27,479520,KBSTAR KOFR금리액티브(합성),5,60,14,49,64,1.0,10.0,0.33,0.0,3.69,0.15
27,122260,KOSEF 통안채1년,5,60,14,49,64,1.0,10.0,0.33,0.0,2.39,1.33
27,458030,WOORI 단기국공채액티브,5,60,14,49,64,1.0,10.0,0.33,0.0,3.98,0.24
27,272910,ACE 중장기국공채액티브,5,60,14,49,64,1.0,10.0,0.33,3.69,1.75,2.49
27,336160,KBSTAR 금융채액티브,5,60,14,49,64,1.0,10.0,0.33,3.83,1.94,2.03
27,114100,KBSTAR 국고채3년,5,60,14,49,64,1.0,10.0,0.33,1.67,2.88,1.8
27,363510,SOL KIS단기통안채,5,60,14,49,64,1.0,10.0,0.33,0.0,1.95,0.29
27,475280,ACE 8월만기자동연장회사채AA-이상액티브,5,60,14,49,64,1.0,10.0,0.33,0.0,4.02,0.51
27,438560,SOL 국고채3년,5,60,14,49,64,1.0,10.0,0.33,0.0,4.29,2.83
27,239660,ARIRANG 우량회사채50 1년,5,60,14,49,64,1.0,10.0,0.33,0.0,1.89,0.52
27,272570,KBSTAR 중장기국공채액티브,5,60,14,49,64,1.0,10.0,0.33,3.23,1.75,2.88
27,114470,KOSEF 국고채3년,5,60,14,49,64,1.0,10.0,0.33,3.29,2.86,1.75
27,453060,HANARO KOFR금리액티브(합성),5,60,14,49,64,1.0,10.0,0.33,0.0,3.72,0.17
27,471290,HANARO CD금리액티브(합성),5,60,14,49,64,1.0,10.0,0.33,0.0,3.65,0.18
27,430500,KOSEF 물가채KIS,5,60,14,49,64,1.0,10.0,0.33,0.0,6.8,4.65
27,432600,KBSTAR 국채선물3년,5,60,14,49,64,1.0,10.0,0.33,0.0,3.76,3.69
27,130730,KOSEF 단기자금,5,60,14,49,64,1.0,10.0,0.33,0.0,2.2,0.45
27,282000,KBSTAR 국고채3년선물인버스,5,60,14,49,64,1.0,10.0,0.33,0.78,1.3,2.16
27,468820,WOORI 25-09 회사채(AA-이상)액티브,5,60,14,49,64,1.0,10.0,0.33,0.0,8.41,0.74
27,461270,ACE 26-06 회사채(AA-이상)액티브,5,60,14,49,64,1.0,10.0,0.33,0.0,6.29,1.4
27,451000,ARIRANG 종합채권(AA-이상)액티브,5,60,14,49,64,1.0,10.0,0.33,0.0,5.79,4.81
27,476450,히어로즈 머니마켓액티브,5,60,14,49,64,1.0,10.0,0.33,0.0,4.26,0.32
27,479080,1Q 머니마켓액티브,5,60,14,49,64,1.0,10.0,0.33,0.0,4.64,0.18
27,273140,KODEX 단기변동금리부채권액티브,5,60,14,49,64,1.0,10.0,0.33,0.0,1.87,0.25
27,439860,KODEX ESG종합채권(A-이상)액티브,5,60,14,49,64,1.0,10.0,0.33,0.0,5.42,2.08
27,448880,ACE 24-12 회사채(AA-이상)액티브,5,60,14,49,64,1.0,10.0,0.33,0.0,6.77,0.92
27,473290,KODEX 26-12 회사채(AA-이상)액티브,5,60,14,49,64,1.0,10.0,0.33,0.0,6.18,1.28
27,464540,KBSTAR 25-03 회사채(AA-이상)액티브,5,60,14,49,64,1.0,10.0,0.33,0.0,4.95,0.55
27,272560,KBSTAR 단기국공채액티브,5,60,14,49,64,1.0,10.0,0.33,0.0,2.0,0.36
27,463290,1Q 단기금융채액티브,5,60,14,49,64,1.0,10.0,0.33,0.0,4.58,0.26
27,438330,TIGER 투자등급회사채액티브,5,60,14,49,64,1.0,10.0,0.33,0.0,6.21,2.23
27,469820,SOL 24-12 회사채(AA-이상)액티브,5,60,14,49,64,1.0,10.0,0.33,0.0,5.13,0.34
27,190620,ACE 단기통안채,5,60,14,49,64,1.0,10.0,0.33,0.0,1.77,0.13
27,470320,BNK 24-11 회사채(AA-이상)액티브,5,60,14,49,64,1.0,10.0,0.33,0.0,5.25,0.29
27,454780,히어로즈 종합채권(AA-이상)액티브,5,60,14,49,64,1.0,10.0,0.33,0.0,4.98,4.32
27,464230,히어로즈 24-09 회사채(AA-이상)액티브,5,60,14,49,64,1.0,10.0,0.33,0.0,4.18,0.38
27,278620,ARIRANG 단기채권액티브,5,60,14,49,64,1.0,10.0,0.33,0.0,1.94,0.42
27,462540,SOL 25-09 회사채(AA-이상)액티브,5,60,14,49,64,1.0,10.0,0.33,0.0,5.7,1.01
27,480260,TIGER 27-04회사채(A+이상)액티브,5,60,14,49,64,1.0,10.0,0.33,0.0,9.38,1.19
27,390950,HANARO 단기채권액티브,5,60,14,49,64,1.0,10.0,0.33,0.0,2.34,0.27
27,484890,SOL 머니마켓액티브,5,60,14,49,64,1.0,10.0,0.33,0.0,4.14,0.12
27,385550,KBSTAR 단기종합채권(AA-이상)액티브,5,60,14,49,64,1.0,10.0,0.33,0.0,2.84,0.35
27,475260,ACE 2월만기자동연장회사채AA-이상액티브,5,60,14,49,64,1.0,10.0,0.33,0.0,4.6,0.5
27,458210,히어로즈 CD금리액티브(합성),5,60,14,49,64,1.0,10.0,0.33,0.0,3.67,0.26
27,472920,HK 종합채권(AA-이상)액티브,5,60,14,49,64,1.0,10.0,0.33,0.0,8.83,3.31
27,466400,1Q 25-08 회사채(A+이상)액티브,5,60,14,49,64,1.0,10.0,0.33,0.0,6.78,0.86
27,473440,ACE 11월만기자동연장회사채AA-이상액티브,5,60,14,49,64,1.0,10.0,0.33,0.0,4.59,1.79
27,459580,KODEX CD금리액티브(합성),5,60,14,49,54,1.0,10.0,0.31,0.0,3.81,0.15
27,484890,SOL 머니마켓액티브,5,60,14,49,54,1.0,10.0,0.31,0.0,4.14,0.12
27,448600,KBSTAR 25-11 회사채(AA-이상)액티브,5,60,14,49,54,1.0,10.0,0.31,0.0,7.4,1.89
27,479520,KBSTAR KOFR금리액티브(합성),5,60,14,49,54,1.0,10.0,0.31,0.0,3.69,0.15
27,397410,KBSTAR 국채선물5년추종인버스,5,60,14,49,54,1.0,10.0,0.31,0.0,4.11,4.48
27,440640,ACE 단기채권알파액티브,5,60,14,49,54,1.0,10.0,0.31,0.0,3.81,0.34
27,136340,KBSTAR 중기우량회사채,5,60,14,49,54,1.0,10.0,0.31,3.63,2.91,1.36
27,464240,히어로즈 26-09 회사채(AA-이상)액티브,5,60,14,49,54,1.0,10.0,0.31,0.0,6.91,1.53
27,475270,ACE 5월만기자동연장회사채AA-이상액티브,5,60,14,49,54,1.0,10.0,0.31,0.0,4.37,0.5
27,465780,마이티 26-09 특수채(AAA)액티브,5,60,14,49,54,1.0,10.0,0.31,0.0,7.41,1.64
27,483230,KBSTAR 25-06 은행채(AA+이상)액티브,5,60,14,49,54,1.0,10.0,0.31,0.0,5.93,0.36
27,419890,히어로즈 단기채권ESG액티브,5,60,14,49,54,1.0,10.0,0.31,0.0,3.59,0.58
27,357870,TIGER CD금리투자KIS(합성),5,60,14,49,54,1.0,10.0,0.31,0.0,2.24,0.23
27,453010,ARIRANG KOFR금리,5,60,14,49,54,1.0,10.0,0.31,0.0,3.57,0.15
27,461260,ACE 25-06 회사채(AA-이상)액티브,5,60,14,49,54,1.0,10.0,0.31,0.0,5.26,0.97
27,130730,KOSEF 단기자금,5,60,14,49,54,1.0,10.0,0.31,0.0,2.2,0.45
27,282000,KBSTAR 국고채3년선물인버스,5,60,14,49,54,1.0,10.0,0.31,0.19,1.3,2.16
27,468820,WOORI 25-09 회사채(AA-이상)액티브,5,60,14,49,54,1.0,10.0,0.31,0.0,8.41,0.74
27,470320,BNK 24-11 회사채(AA-이상)액티브,5,60,14,49,54,1.0,10.0,0.31,0.0,5.25,0.29
27,466400,1Q 25-08 회사채(A+이상)액티브,5,60,14,49,54,1.0,10.0,0.31,0.0,6.78,0.86
27,472920,HK 종합채권(AA-이상)액티브,5,60,14,49,54,1.0,10.0,0.31,0.0,8.83,3.31
27,122260,KOSEF 통안채1년,5,60,14,49,54,1.0,10.0,0.31,0.0,2.39,1.33
27,458030,WOORI 단기국공채액티브,5,60,14,49,54,1.0,10.0,0.31,0.0,3.98,0.24
27,272910,ACE 중장기국공채액티브,5,60,14,49,54,1.0,10.0,0.31,5.81,1.75,2.49
27,336160,KBSTAR 금융채액티브,5,60,14,49,54,1.0,10.0,0.31,3.6,1.94,2.03
27,423160,KODEX KOFR금리액티브(합성),5,60,14,49,59,1.0,10.0,0.31,0.0,3.32,0.13
27,357870,TIGER CD금리투자KIS(합성),5,60,14,49,59,1.0,10.0,0.31,0.0,2.24,0.23
27,459580,KODEX CD금리액티브(합성),5,60,14,49,59,1.0,10.0,0.31,0.0,3.81,0.15
27,390950,HANARO 단기채권액티브,5,60,14,49,54,1.0,10.0,0.31,0.0,2.34,0.27
27,298340,ARIRANG 국채선물3년,5,60,14,49,54,1.0,10.0,0.31,0.1,1.64,2.08
27,292770,KODEX 국채선물3년인버스,5,60,14,49,54,1.0,10.0,0.31,0.9,1.42,2.17
27,432600,KBSTAR 국채선물3년,5,60,14,49,54,1.0,10.0,0.31,0.0,3.76,3.69
27,430500,KOSEF 물가채KIS,5,60,14,49,54,1.0,10.0,0.31,0.0,6.8,4.65
27,471290,HANARO CD금리액티브(합성),5,60,14,49,54,1.0,10.0,0.31,0.0,3.65,0.18
27,453060,HANARO KOFR금리액티브(합성),5,60,14,49,54,1.0,10.0,0.31,0.0,3.72,0.17
27,114470,KOSEF 국고채3년,5,60,14,49,54,1.0,10.0,0.31,2.81,2.86,1.75
27,272570,KBSTAR 중장기국공채액티브,5,60,14,49,54,1.0,10.0,0.31,4.93,1.75,2.88
27,239660,ARIRANG 우량회사채50 1년,5,60,14,49,54,1.0,10.0,0.31,0.0,1.89,0.52
27,438560,SOL 국고채3년,5,60,14,49,54,1.0,10.0,0.31,0.0,4.29,2.83
27,475280,ACE 8월만기자동연장회사채AA-이상액티브,5,60,14,49,54,1.0,10.0,0.31,0.0,4.02,0.51
27,363510,SOL KIS단기통안채,5,60,14,49,54,1.0,10.0,0.31,0.0,1.95,0.29
27,114100,KBSTAR 국고채3년,5,60,14,49,54,1.0,10.0,0.31,-0.01,2.88,1.8
27,458210,히어로즈 CD금리액티브(합성),5,60,14,49,54,1.0,10.0,0.31,0.0,3.67,0.26
27,475260,ACE 2월만기자동연장회사채AA-이상액티브,5,60,14,49,54,1.0,10.0,0.31,0.0,4.6,0.5
27,385550,KBSTAR 단기종합채권(AA-이상)액티브,5,60,14,49,54,1.0,10.0,0.31,0.0,2.84,0.35
27,467940,KODEX 25-11 회사채(A+이상)액티브,5,60,14,49,54,1.0,10.0,0.31,0.0,6.88,1.08
27,469830,SOL 초단기채권액티브,5,60,14,49,54,1.0,10.0,0.31,0.0,4.6,0.21
27,477080,KBSTAR CD금리액티브(합성),5,60,14,49,54,1.0,10.0,0.31,0.0,3.84,0.14
27,196230,KBSTAR 단기통안채,5,60,14,49,54,1.0,10.0,0.31,0.0,1.78,0.21
27,451540,TIGER 종합채권(AA-이상)액티브,5,60,14,49,54,1.0,10.0,0.31,0.0,5.14,4.07
27,272580,TIGER 단기채권액티브,5,60,14,49,54,1.0,10.0,0.31,0.0,1.91,0.22
27,153130,KODEX 단기채권,5,60,14,49,54,1.0,10.0,0.31,0.0,1.93,0.34
27,447820,TIGER 24-10 회사채(A+이상)액티브,5,60,14,49,54,1.0,10.0,0.31,0.0,6.36,1.2
27,476810,KODEX 25-11 은행채(AA-이상)PLUS액티브,5,60,14,49,54,1.0,10.0,0.31,0.0,5.99,0.85
27,453540,TIGER 25-10 회사채(A+이상)액티브,5,60,14,49,54,1.0,10.0,0.31,0.0,4.65,1.46
27,481050,KODEX 1년은행양도성예금증서+액티브(합성),5,60,14,49,54,1.0,10.0,0.31,0.0,3.95,0.15
27,475630,TIGER CD1년금리액티브(합성),5,60,14,49,54,1.0,10.0,0.31,0.0,3.84,0.14
27,214980,KODEX 단기채권PLUS,5,60,14,49,54,1.0,10.0,0.31,0.0,1.81,0.18
27,455890,KBSTAR 머니마켓액티브,5,60,14,49,54,1.0,10.0,0.31,0.0,4.41,0.24
27,470260,TIGER 24-12 금융채(AA-이상),5,60,14,49,54,1.0,10.0,0.31,0.0,4.94,0.35
27,465680,KODEX 24-12 은행채(AA+이상)액티브,5,60,14,49,54,1.0,10.0,0.31,0.0,4.34,0.59
27,273130,KODEX 종합채권(AA-이상)액티브,5,60,14,49,54,1.0,10.0,0.31,3.32,1.74,3.05
27,449170,TIGER KOFR금리액티브(합성),5,60,14,49,54,1.0,10.0,0.31,0.0,3.65,0.15
27,477050,ARIRANG 머니마켓액티브,5,60,14,49,54,1.0,10.0,0.31,0.0,4.1,0.22
27,451000,ARIRANG 종합채권(AA-이상)액티브,5,60,14,49,54,1.0,10.0,0.31,0.0,5.79,4.81
27,473440,ACE 11월만기자동연장회사채AA-이상액티브,5,60,14,49,54,1.0,10.0,0.31,0.0,4.59,1.79
27,476450,히어로즈 머니마켓액티브,5,60,14,49,54,1.0,10.0,0.31,0.0,4.26,0.32
27,480260,TIGER 27-04회사채(A+이상)액티브,5,60,14,49,54,1.0,10.0,0.31,0.0,9.38,1.19
27,462540,SOL 25-09 회사채(AA-이상)액티브,5,60,14,49,54,1.0,10.0,0.31,0.0,5.7,1.01
27,278620,ARIRANG 단기채권액티브,5,60,14,49,54,1.0,10.0,0.31,0.0,1.94,0.42
27,464230,히어로즈 24-09 회사채(AA-이상)액티브,5,60,14,49,54,1.0,10.0,0.31,0.0,4.18,0.38
27,454780,히어로즈 종합채권(AA-이상)액티브,5,60,14,49,54,1.0,10.0,0.31,0.0,4.98,4.32
27,190620,ACE 단기통안채,5,60,14,49,54,1.0,10.0,0.31,0.0,1.77,0.13
27,461270,ACE 26-06 회사채(AA-이상)액티브,5,60,14,49,54,1.0,10.0,0.31,0.0,6.29,1.4
27,469820,SOL 24-12 회사채(AA-이상)액티브,5,60,14,49,54,1.0,10.0,0.31,0.0,5.13,0.34
27,438330,TIGER 투자등급회사채액티브,5,60,14,49,54,1.0,10.0,0.31,0.0,6.21,2.23
27,463290,1Q 단기금융채액티브,5,60,14,49,54,1.0,10.0,0.31,0.0,4.58,0.26
27,272560,KBSTAR 단기국공채액티브,5,60,14,49,54,1.0,10.0,0.31,0.0,2.0,0.36
27,464540,KBSTAR 25-03 회사채(AA-이상)액티브,5,60,14,49,54,1.0,10.0,0.31,0.0,4.95,0.55
27,473290,KODEX 26-12 회사채(AA-이상)액티브,5,60,14,49,54,1.0,10.0,0.31,0.0,6.18,1.28
27,448880,ACE 24-12 회사채(AA-이상)액티브,5,60,14,49,54,1.0,10.0,0.31,0.0,6.77,0.92
27,439860,KODEX ESG종합채권(A-이상)액티브,5,60,14,49,54,1.0,10.0,0.31,0.0,5.42,2.08
27,273140,KODEX 단기변동금리부채권액티브,5,60,14,49,54,1.0,10.0,0.31,0.0,1.87,0.25
27,479080,1Q 머니마켓액티브,5,60,14,49,54,1.0,10.0,0.31,0.0,4.64,0.18
27,449170,TIGER KOFR금리액티브(합성),5,60,14,49,59,1.0,10.0,0.31,0.0,3.65,0.15
27,423160,KODEX KOFR금리액티브(합성),5,60,14,49,54,1.0,10.0,0.31,0.0,3.32,0.13
27,385550,KBSTAR 단기종합채권(AA-이상)액티브,5,60,14,49,59,1.0,10.0,0.31,0.0,2.84,0.35
27,438330,TIGER 투자등급회사채액티브,5,60,14,49,59,1.0,10.0,0.31,0.0,6.21,2.23
27,273140,KODEX 단기변동금리부채권액티브,5,60,14,49,59,1.0,10.0,0.31,0.0,1.87,0.25
27,439860,KODEX ESG종합채권(A-이상)액티브,5,60,14,49,59,1.0,10.0,0.31,0.0,5.42,2.08
27,448880,ACE 24-12 회사채(AA-이상)액티브,5,60,14,49,59,1.0,10.0,0.31,0.0,6.77,0.92
27,473290,KODEX 26-12 회사채(AA-이상)액티브,5,60,14,49,59,1.0,10.0,0.31,0.0,6.18,1.28
27,464540,KBSTAR 25-03 회사채(AA-이상)액티브,5,60,14,49,59,1.0,10.0,0.31,0.0,4.95,0.55
27,272560,KBSTAR 단기국공채액티브,5,60,14,49,59,1.0,10.0,0.31,0.0,2.0,0.36
27,463290,1Q 단기금융채액티브,5,60,14,49,59,1.0,10.0,0.31,0.0,4.58,0.26
27,469820,SOL 24-12 회사채(AA-이상)액티브,5,60,14,49,59,1.0,10.0,0.31,0.0,5.13,0.34
27,476450,히어로즈 머니마켓액티브,5,60,14,49,59,1.0,10.0,0.31,0.0,4.26,0.32
27,461270,ACE 26-06 회사채(AA-이상)액티브,5,60,14,49,59,1.0,10.0,0.31,0.0,6.29,1.4
27,190620,ACE 단기통안채,5,60,14,49,59,1.0,10.0,0.31,0.0,1.77,0.13
27,454780,히어로즈 종합채권(AA-이상)액티브,5,60,14,49,59,1.0,10.0,0.31,0.0,4.98,4.32
27,464230,히어로즈 24-09 회사채(AA-이상)액티브,5,60,14,49,59,1.0,10.0,0.31,0.0,4.18,0.38
27,278620,ARIRANG 단기채권액티브,5,60,14,49,59,1.0,10.0,0.31,0.0,1.94,0.42
27,462540,SOL 25-09 회사채(AA-이상)액티브,5,60,14,49,59,1.0,10.0,0.31,0.0,5.7,1.01
27,480260,TIGER 27-04회사채(A+이상)액티브,5,60,14,49,59,1.0,10.0,0.31,0.0,9.38,1.19
27,479080,1Q 머니마켓액티브,5,60,14,49,59,1.0,10.0,0.31,0.0,4.64,0.18
27,451000,ARIRANG 종합채권(AA-이상)액티브,5,60,14,49,59,1.0,10.0,0.31,0.0,5.79,4.81
27,484890,SOL 머니마켓액티브,5,60,14,49,59,1.0,10.0,0.31,0.0,4.14,0.12
27,476810,KODEX 25-11 은행채(AA-이상)PLUS액티브,5,60,14,49,59,1.0,10.0,0.31,0.0,5.99,0.85
27,465680,KODEX 24-12 은행채(AA+이상)액티브,5,60,14,49,59,1.0,10.0,0.31,0.0,4.34,0.59
27,470260,TIGER 24-12 금융채(AA-이상),5,60,14,49,59,1.0,10.0,0.31,0.0,4.94,0.35
27,455890,KBSTAR 머니마켓액티브,5,60,14,49,59,1.0,10.0,0.31,0.0,4.41,0.24
27,214980,KODEX 단기채권PLUS,5,60,14,49,59,1.0,10.0,0.31,0.0,1.81,0.18
27,475630,TIGER CD1년금리액티브(합성),5,60,14,49,59,1.0,10.0,0.31,0.0,3.84,0.14
27,481050,KODEX 1년은행양도성예금증서+액티브(합성),5,60,14,49,59,1.0,10.0,0.31,0.0,3.95,0.15
27,453540,TIGER 25-10 회사채(A+이상)액티브,5,60,14,49,59,1.0,10.0,0.31,0.0,4.65,1.46
27,447820,TIGER 24-10 회사채(A+이상)액티브,5,60,14,49,59,1.0,10.0,0.31,0.0,6.36,1.2
27,467940,KODEX 25-11 회사채(A+이상)액티브,5,60,14,49,59,1.0,10.0,0.31,0.0,6.88,1.08
27,153130,KODEX 단기채권,5,60,14,49,59,1.0,10.0,0.31,0.0,1.93,0.34
27,272580,TIGER 단기채권액티브,5,60,14,49,59,1.0,10.0,0.31,0.0,1.91,0.22
27,451540,TIGER 종합채권(AA-이상)액티브,5,60,14,49,59,1.0,10.0,0.31,0.0,5.14,4.07
27,196230,KBSTAR 단기통안채,5,60,14,49,59,1.0,10.0,0.31,0.0,1.78,0.21
27,477080,KBSTAR CD금리액티브(합성),5,60,14,49,59,1.0,10.0,0.31,0.0,3.84,0.14
27,469830,SOL 초단기채권액티브,5,60,14,49,59,1.0,10.0,0.31,0.0,4.6,0.21
27,477050,ARIRANG 머니마켓액티브,5,60,14,49,59,1.0,10.0,0.31,0.0,4.1,0.22
27,473440,ACE 11월만기자동연장회사채AA-이상액티브,5,60,14,49,59,1.0,10.0,0.31,0.0,4.59,1.79
27,273130,KODEX 종합채권(AA-이상)액티브,5,60,14,49,59,1.0,10.0,0.31,4.23,1.74,3.05
27,479520,KBSTAR KOFR금리액티브(합성),5,60,14,49,59,1.0,10.0,0.31,0.0,3.69,0.15
27,438560,SOL 국고채3년,5,60,14,49,59,1.0,10.0,0.31,0.0,4.29,2.83
27,122260,KOSEF 통안채1년,5,60,14,49,59,1.0,10.0,0.31,0.0,2.39,1.33
27,458030,WOORI 단기국공채액티브,5,60,14,49,59,1.0,10.0,0.31,0.0,3.98,0.24
27,272910,ACE 중장기국공채액티브,5,60,14,49,59,1.0,10.0,0.31,3.91,1.75,2.49
27,336160,KBSTAR 금융채액티브,5,60,14,49,59,1.0,10.0,0.31,4.63,1.94,2.03
27,114100,KBSTAR 국고채3년,5,60,14,49,59,1.0,10.0,0.31,1.13,2.88,1.8
27,363510,SOL KIS단기통안채,5,60,14,49,59,1.0,10.0,0.31,0.0,1.95,0.29
27,475280,ACE 8월만기자동연장회사채AA-이상액티브,5,60,14,49,59,1.0,10.0,0.31,0.0,4.02,0.51
27,239660,ARIRANG 우량회사채50 1년,5,60,14,49,59,1.0,10.0,0.31,0.0,1.89,0.52
27,390950,HANARO 단기채권액티브,5,60,14,49,59,1.0,10.0,0.31,0.0,2.34,0.27
27,272570,KBSTAR 중장기국공채액티브,5,60,14,49,59,1.0,10.0,0.31,3.22,1.75,2.88
27,114470,KOSEF 국고채3년,5,60,14,49,59,1.0,10.0,0.31,2.71,2.86,1.75
27,453060,HANARO KOFR금리액티브(합성),5,60,14,49,59,1.0,10.0,0.31,0.0,3.72,0.17
27,471290,HANARO CD금리액티브(합성),5,60,14,49,59,1.0,10.0,0.31,0.0,3.65,0.18
27,430500,KOSEF 물가채KIS,5,60,14,49,59,1.0,10.0,0.31,0.0,6.8,4.65
27,432600,KBSTAR 국채선물3년,5,60,14,49,59,1.0,10.0,0.31,0.0,3.76,3.69
27,292770,KODEX 국채선물3년인버스,5,60,14,49,59,1.0,10.0,0.31,0.41,1.42,2.17
27,475260,ACE 2월만기자동연장회사채AA-이상액티브,5,60,14,49,59,1.0,10.0,0.31,0.0,4.6,0.5
27,397410,KBSTAR 국채선물5년추종인버스,5,60,14,49,59,1.0,10.0,0.31,0.0,4.11,4.48
27,440640,ACE 단기채권알파액티브,5,60,14,49,59,1.0,10.0,0.31,0.0,3.81,0.34
27,136340,KBSTAR 중기우량회사채,5,60,14,49,59,1.0,10.0,0.31,4.66,2.91,1.36
27,458210,히어로즈 CD금리액티브(합성),5,60,14,49,59,1.0,10.0,0.31,0.0,3.67,0.26
27,472920,HK 종합채권(AA-이상)액티브,5,60,14,49,59,1.0,10.0,0.31,0.0,8.83,3.31
27,466400,1Q 25-08 회사채(A+이상)액티브,5,60,14,49,59,1.0,10.0,0.31,0.0,6.78,0.86
27,470320,BNK 24-11 회사채(AA-이상)액티브,5,60,14,49,59,1.0,10.0,0.31,0.0,5.25,0.29
27,468820,WOORI 25-09 회사채(AA-이상)액티브,5,60,14,49,59,1.0,10.0,0.31,0.0,8.41,0.74
27,282000,KBSTAR 국고채3년선물인버스,5,60,14,49,59,1.0,10.0,0.31,0.33,1.3,2.16
27,130730,KOSEF 단기자금,5,60,14,49,59,1.0,10.0,0.31,0.0,2.2,0.45
27,461260,ACE 25-06 회사채(AA-이상)액티브,5,60,14,49,59,1.0,10.0,0.31,0.0,5.26,0.97
27,453010,ARIRANG KOFR금리,5,60,14,49,59,1.0,10.0,0.31,0.0,3.57,0.15
27,419890,히어로즈 단기채권ESG액티브,5,60,14,49,59,1.0,10.0,0.31,0.0,3.59,0.58
27,448600,KBSTAR 25-11 회사채(AA-이상)액티브,5,60,14,49,59,1.0,10.0,0.31,0.0,7.4,1.89
27,483230,KBSTAR 25-06 은행채(AA+이상)액티브,5,60,14,49,59,1.0,10.0,0.31,0.0,5.93,0.36
27,465780,마이티 26-09 특수채(AAA)액티브,5,60,14,49,59,1.0,10.0,0.31,0.0,7.41,1.64
27,475270,ACE 5월만기자동연장회사채AA-이상액티브,5,60,14,49,59,1.0,10.0,0.31,0.0,4.37,0.5
27,464240,히어로즈 26-09 회사채(AA-이상)액티브,5,60,14,49,59,1.0,10.0,0.31,0.0,6.91,1.53
27,298340,ARIRANG 국채선물3년,5,60,14,49,59,1.0,10.0,0.31,0.59,1.64,2.08
27,471290,HANARO CD금리액티브(합성),5,60,14,29,54,1.0,10.0,0.25,0.0,3.65,0.18
27,430500,KOSEF 물가채KIS,5,60,14,29,54,1.0,10.0,0.25,0.0,6.8,4.65
27,390950,HANARO 단기채권액티브,5,60,14,29,54,1.0,10.0,0.25,0.0,2.34,0.27
27,298340,ARIRANG 국채선물3년,5,60,14,29,54,1.0,10.0,0.25,0.0,1.64,2.08
27,470320,BNK 24-11 회사채(AA-이상)액티브,5,60,14,29,54,1.0,10.0,0.25,0.0,5.25,0.29
27,448600,KBSTAR 25-11 회사채(AA-이상)액티브,5,60,14,29,54,1.0,10.0,0.25,0.0,7.4,1.89
27,419890,히어로즈 단기채권ESG액티브,5,60,14,29,54,1.0,10.0,0.25,0.0,3.59,0.58
27,453010,ARIRANG KOFR금리,5,60,14,29,54,1.0,10.0,0.25,0.0,3.57,0.15
27,461260,ACE 25-06 회사채(AA-이상)액티브,5,60,14,29,54,1.0,10.0,0.25,0.0,5.26,0.97
27,130730,KOSEF 단기자금,5,60,14,29,54,1.0,10.0,0.25,0.0,2.2,0.45
27,282000,KBSTAR 국고채3년선물인버스,5,60,14,29,54,1.0,10.0,0.25,0.0,1.3,2.16
27,468820,WOORI 25-09 회사채(AA-이상)액티브,5,60,14,29,54,1.0,10.0,0.25,0.0,8.41,0.74
27,466400,1Q 25-08 회사채(A+이상)액티브,5,60,14,29,54,1.0,10.0,0.25,0.0,6.78,0.86
27,465780,마이티 26-09 특수채(AAA)액티브,5,60,14,29,54,1.0,10.0,0.25,0.0,7.41,1.64
27,472920,HK 종합채권(AA-이상)액티브,5,60,14,29,54,1.0,10.0,0.25,0.0,8.83,3.31
27,458210,히어로즈 CD금리액티브(합성),5,60,14,29,54,1.0,10.0,0.25,0.0,3.67,0.26
27,475260,ACE 2월만기자동연장회사채AA-이상액티브,5,60,14,29,54,1.0,10.0,0.25,0.0,4.6,0.5
27,385550,KBSTAR 단기종합채권(AA-이상)액티브,5,60,14,29,54,1.0,10.0,0.25,0.0,2.84,0.35
27,484890,SOL 머니마켓액티브,5,60,14,29,54,1.0,10.0,0.25,0.0,4.14,0.12
27,473440,ACE 11월만기자동연장회사채AA-이상액티브,5,60,14,29,54,1.0,10.0,0.25,0.0,4.59,1.79
27,480260,TIGER 27-04회사채(A+이상)액티브,5,60,14,29,54,1.0,10.0,0.25,0.0,9.38,1.19
27,483230,KBSTAR 25-06 은행채(AA+이상)액티브,5,60,14,29,54,1.0,10.0,0.25,0.0,5.93,0.36
27,475270,ACE 5월만기자동연장회사채AA-이상액티브,5,60,14,29,54,1.0,10.0,0.25,0.0,4.37,0.5
27,292770,KODEX 국채선물3년인버스,5,60,14,29,54,1.0,10.0,0.25,6.48,1.42,2.17
27,114100,KBSTAR 국고채3년,5,60,14,29,54,1.0,10.0,0.25,0.0,2.88,1.8
27,453060,HANARO KOFR금리액티브(합성),5,60,14,29,54,1.0,10.0,0.25,0.0,3.72,0.17
27,114470,KOSEF 국고채3년,5,60,14,29,54,1.0,10.0,0.25,0.0,2.86,1.75
27,272570,KBSTAR 중장기국공채액티브,5,60,14,29,54,1.0,10.0,0.25,3.06,1.75,2.88
27,239660,ARIRANG 우량회사채50 1년,5,60,14,29,54,1.0,10.0,0.25,0.0,1.89,0.52
27,438560,SOL 국고채3년,5,60,14,29,54,1.0,10.0,0.25,0.0,4.29,2.83
27,475280,ACE 8월만기자동연장회사채AA-이상액티브,5,60,14,29,54,1.0,10.0,0.25,0.0,4.02,0.51
27,363510,SOL KIS단기통안채,5,60,14,29,54,1.0,10.0,0.25,0.0,1.95,0.29
27,336160,KBSTAR 금융채액티브,5,60,14,29,54,1.0,10.0,0.25,3.6,1.94,2.03
27,464240,히어로즈 26-09 회사채(AA-이상)액티브,5,60,14,29,54,1.0,10.0,0.25,0.0,6.91,1.53
27,272910,ACE 중장기국공채액티브,5,60,14,29,54,1.0,10.0,0.25,3.83,1.75,2.49
27,458030,WOORI 단기국공채액티브,5,60,14,29,54,1.0,10.0,0.25,0.0,3.98,0.24
27,122260,KOSEF 통안채1년,5,60,14,29,54,1.0,10.0,0.25,0.0,2.39,1.33
27,479520,KBSTAR KOFR금리액티브(합성),5,60,14,29,54,1.0,10.0,0.25,0.0,3.69,0.15
27,397410,KBSTAR 국채선물5년추종인버스,5,60,14,29,54,1.0,10.0,0.25,0.0,4.11,4.48
27,440640,ACE 단기채권알파액티브,5,60,14,29,54,1.0,10.0,0.25,0.0,3.81,0.34
27,136340,KBSTAR 중기우량회사채,5,60,14,29,54,1.0,10.0,0.25,0.0,2.91,1.36
27,432600,KBSTAR 국채선물3년,5,60,14,29,54,1.0,10.0,0.25,0.0,3.76,3.69
27,278620,ARIRANG 단기채권액티브,5,60,14,29,54,1.0,10.0,0.25,0.0,1.94,0.42
27,464230,히어로즈 24-09 회사채(AA-이상)액티브,5,60,14,29,54,1.0,10.0,0.25,0.0,4.18,0.38
27,214980,KODEX 단기채권PLUS,5,60,14,29,54,1.0,10.0,0.25,0.0,1.81,0.18
27,272580,TIGER 단기채권액티브,5,60,14,29,54,1.0,10.0,0.25,0.0,1.91,0.22
27,153130,KODEX 단기채권,5,60,14,29,54,1.0,10.0,0.25,0.0,1.93,0.34
27,447820,TIGER 24-10 회사채(A+이상)액티브,5,60,14,29,54,1.0,10.0,0.25,0.0,6.36,1.2
27,476810,KODEX 25-11 은행채(AA-이상)PLUS액티브,5,60,14,29,54,1.0,10.0,0.25,0.0,5.99,0.85
27,453540,TIGER 25-10 회사채(A+이상)액티브,5,60,14,29,54,1.0,10.0,0.25,0.0,4.65,1.46
27,481050,KODEX 1년은행양도성예금증서+액티브(합성),5,60,14,29,54,1.0,10.0,0.25,0.0,3.95,0.15
27,475630,TIGER CD1년금리액티브(합성),5,60,14,29,54,1.0,10.0,0.25,0.0,3.84,0.14
27,455890,KBSTAR 머니마켓액티브,5,60,14,29,54,1.0,10.0,0.25,0.0,4.41,0.24
27,454780,히어로즈 종합채권(AA-이상)액티브,5,60,14,29,54,1.0,10.0,0.25,0.0,4.98,4.32
27,470260,TIGER 24-12 금융채(AA-이상),5,60,14,29,54,1.0,10.0,0.25,0.0,4.94,0.35
27,465680,KODEX 24-12 은행채(AA+이상)액티브,5,60,14,29,54,1.0,10.0,0.25,0.0,4.34,0.59
27,273130,KODEX 종합채권(AA-이상)액티브,5,60,14,29,54,1.0,10.0,0.25,3.32,1.74,3.05
27,449170,TIGER KOFR금리액티브(합성),5,60,14,29,54,1.0,10.0,0.25,0.0,3.65,0.15
27,423160,KODEX KOFR금리액티브(합성),5,60,14,29,54,1.0,10.0,0.25,0.0,3.32,0.13
27,357870,TIGER CD금리투자KIS(합성),5,60,14,29,54,1.0,10.0,0.25,0.0,2.24,0.23
27,459580,KODEX CD금리액티브(합성),5,60,14,29,54,1.0,10.0,0.25,0.0,3.81,0.15
27,451540,TIGER 종합채권(AA-이상)액티브,5,60,14,29,54,1.0,10.0,0.25,0.0,5.14,4.07
27,196230,KBSTAR 단기통안채,5,60,14,29,54,1.0,10.0,0.25,0.0,1.78,0.21
27,477080,KBSTAR CD금리액티브(합성),5,60,14,29,54,1.0,10.0,0.25,0.0,3.84,0.14
27,469830,SOL 초단기채권액티브,5,60,14,29,54,1.0,10.0,0.25,0.0,4.6,0.21
27,190620,ACE 단기통안채,5,60,14,29,54,1.0,10.0,0.25,0.0,1.77,0.13
27,461270,ACE 26-06 회사채(AA-이상)액티브,5,60,14,29,54,1.0,10.0,0.25,0.0,6.29,1.4
27,469820,SOL 24-12 회사채(AA-이상)액티브,5,60,14,29,54,1.0,10.0,0.25,0.0,5.13,0.34
27,438330,TIGER 투자등급회사채액티브,5,60,14,29,54,1.0,10.0,0.25,0.0,6.21,2.23
27,463290,1Q 단기금융채액티브,5,60,14,29,54,1.0,10.0,0.25,0.0,4.58,0.26
27,272560,KBSTAR 단기국공채액티브,5,60,14,29,54,1.0,10.0,0.25,0.0,2.0,0.36
27,464540,KBSTAR 25-03 회사채(AA-이상)액티브,5,60,14,29,54,1.0,10.0,0.25,0.0,4.95,0.55
27,473290,KODEX 26-12 회사채(AA-이상)액티브,5,60,14,29,54,1.0,10.0,0.25,0.0,6.18,1.28
27,448880,ACE 24-12 회사채(AA-이상)액티브,5,60,14,29,54,1.0,10.0,0.25,0.0,6.77,0.92
27,439860,KODEX ESG종합채권(A-이상)액티브,5,60,14,29,54,1.0,10.0,0.25,0.0,5.42,2.08
27,273140,KODEX 단기변동금리부채권액티브,5,60,14,29,54,1.0,10.0,0.25,0.0,1.87,0.25
27,479080,1Q 머니마켓액티브,5,60,14,29,54,1.0,10.0,0.25,0.0,4.64,0.18
27,476450,히어로즈 머니마켓액티브,5,60,14,29,54,1.0,10.0,0.25,0.0,4.26,0.32
27,451000,ARIRANG 종합채권(AA-이상)액티브,5,60,14,29,54,1.0,10.0,0.25,0.0,5.79,4.81
27,467940,KODEX 25-11 회사채(A+이상)액티브,5,60,14,29,54,1.0,10.0,0.25,0.0,6.88,1.08
27,477050,ARIRANG 머니마켓액티브,5,60,14,29,54,1.0,10.0,0.25,0.0,4.1,0.22
27,462540,SOL 25-09 회사채(AA-이상)액티브,5,60,14,29,54,1.0,10.0,0.25,0.0,5.7,1.01
27,423160,KODEX KOFR금리액티브(합성),5,60,14,29,74,1.0,10.0,0.22,0.0,3.32,0.13
27,357870,TIGER CD금리투자KIS(합성),5,60,14,29,74,1.0,10.0,0.22,0.0,2.24,0.23
27,459580,KODEX CD금리액티브(합성),5,60,14,29,74,1.0,10.0,0.22,0.0,3.81,0.15
27,440640,ACE 단기채권알파액티브,5,60,14,29,74,1.0,10.0,0.22,0.0,3.81,0.34
27,464240,히어로즈 26-09 회사채(AA-이상)액티브,5,60,14,29,74,1.0,10.0,0.22,0.0,6.91,1.53
27,475270,ACE 5월만기자동연장회사채AA-이상액티브,5,60,14,29,74,1.0,10.0,0.22,0.0,4.37,0.5
27,465780,마이티 26-09 특수채(AAA)액티브,5,60,14,29,74,1.0,10.0,0.22,0.0,7.41,1.64
27,483230,KBSTAR 25-06 은행채(AA+이상)액티브,5,60,14,29,74,1.0,10.0,0.22,0.0,5.93,0.36
27,448600,KBSTAR 25-11 회사채(AA-이상)액티브,5,60,14,29,74,1.0,10.0,0.22,0.0,7.4,1.89
27,419890,히어로즈 단기채권ESG액티브,5,60,14,29,74,1.0,10.0,0.22,0.0,3.59,0.58
27,453010,ARIRANG KOFR금리,5,60,14,29,74,1.0,10.0,0.22,0.0,3.57,0.15
27,461260,ACE 25-06 회사채(AA-이상)액티브,5,60,14,29,74,1.0,10.0,0.22,0.0,5.26,0.97
27,130730,KOSEF 단기자금,5,60,14,29,74,1.0,10.0,0.22,0.0,2.2,0.45
27,282000,KBSTAR 국고채3년선물인버스,5,60,14,29,74,1.0,10.0,0.22,0.0,1.3,2.16
27,468820,WOORI 25-09 회사채(AA-이상)액티브,5,60,14,29,74,1.0,10.0,0.22,0.0,8.41,0.74
27,470320,BNK 24-11 회사채(AA-이상)액티브,5,60,14,29,74,1.0,10.0,0.22,0.0,5.25,0.29
27,466400,1Q 25-08 회사채(A+이상)액티브,5,60,14,29,74,1.0,10.0,0.22,0.0,6.78,0.86
27,472920,HK 종합채권(AA-이상)액티브,5,60,14,29,74,1.0,10.0,0.22,0.0,8.83,3.31
27,458210,히어로즈 CD금리액티브(합성),5,60,14,29,74,1.0,10.0,0.22,0.0,3.67,0.26
27,475260,ACE 2월만기자동연장회사채AA-이상액티브,5,60,14,29,74,1.0,10.0,0.22,0.0,4.6,0.5
27,385550,KBSTAR 단기종합채권(AA-이상)액티브,5,60,14,29,74,1.0,10.0,0.22,0.0,2.84,0.35
27,136340,KBSTAR 중기우량회사채,5,60,14,29,74,1.0,10.0,0.22,0.0,2.91,1.36
27,397410,KBSTAR 국채선물5년추종인버스,5,60,14,29,74,1.0,10.0,0.22,0.0,4.11,4.48
27,357870,TIGER CD금리투자KIS(합성),5,60,14,29,79,1.0,10.0,0.22,0.0,2.24,0.23
27,479520,KBSTAR KOFR금리액티브(합성),5,60,14,29,74,1.0,10.0,0.22,0.0,3.69,0.15
27,390950,HANARO 단기채권액티브,5,60,14,29,74,1.0,10.0,0.22,0.0,2.34,0.27
27,298340,ARIRANG 국채선물3년,5,60,14,29,74,1.0,10.0,0.22,0.0,1.64,2.08
27,292770,KODEX 국채선물3년인버스,5,60,14,29,74,1.0,10.0,0.22,1.65,1.42,2.17
27,432600,KBSTAR 국채선물3년,5,60,14,29,74,1.0,10.0,0.22,0.0,3.76,3.69
27,430500,KOSEF 물가채KIS,5,60,14,29,74,1.0,10.0,0.22,0.0,6.8,4.65
27,471290,HANARO CD금리액티브(합성),5,60,14,29,74,1.0,10.0,0.22,0.0,3.65,0.18
27,453060,HANARO KOFR금리액티브(합성),5,60,14,29,74,1.0,10.0,0.22,0.0,3.72,0.17
27,114470,KOSEF 국고채3년,5,60,14,29,74,1.0,10.0,0.22,0.0,2.86,1.75
27,272570,KBSTAR 중장기국공채액티브,5,60,14,29,74,1.0,10.0,0.22,3.42,1.75,2.88
27,239660,ARIRANG 우량회사채50 1년,5,60,14,29,74,1.0,10.0,0.22,0.0,1.89,0.52
27,438560,SOL 국고채3년,5,60,14,29,74,1.0,10.0,0.22,0.0,4.29,2.83
27,475280,ACE 8월만기자동연장회사채AA-이상액티브,5,60,14,29,74,1.0,10.0,0.22,0.0,4.02,0.51
27,363510,SOL KIS단기통안채,5,60,14,29,74,1.0,10.0,0.22,0.0,1.95,0.29
27,114100,KBSTAR 국고채3년,5,60,14,29,74,1.0,10.0,0.22,0.0,2.88,1.8
27,336160,KBSTAR 금융채액티브,5,60,14,29,74,1.0,10.0,0.22,4.41,1.94,2.03
27,272910,ACE 중장기국공채액티브,5,60,14,29,74,1.0,10.0,0.22,4.09,1.75,2.49
27,458030,WOORI 단기국공채액티브,5,60,14,29,74,1.0,10.0,0.22,0.0,3.98,0.24
27,484890,SOL 머니마켓액티브,5,60,14,29,74,1.0,10.0,0.22,0.0,4.14,0.12
27,473440,ACE 11월만기자동연장회사채AA-이상액티브,5,60,14,29,74,1.0,10.0,0.22,0.0,4.59,1.79
27,480260,TIGER 27-04회사채(A+이상)액티브,5,60,14,29,74,1.0,10.0,0.22,0.0,9.38,1.19
27,462540,SOL 25-09 회사채(AA-이상)액티브,5,60,14,29,74,1.0,10.0,0.22,0.0,5.7,1.01
27,477080,KBSTAR CD금리액티브(합성),5,60,14,29,74,1.0,10.0,0.22,0.0,3.84,0.14
27,196230,KBSTAR 단기통안채,5,60,14,29,74,1.0,10.0,0.22,0.0,1.78,0.21
27,451540,TIGER 종합채권(AA-이상)액티브,5,60,14,29,74,1.0,10.0,0.22,0.0,5.14,4.07
27,272580,TIGER 단기채권액티브,5,60,14,29,74,1.0,10.0,0.22,0.0,1.91,0.22
27,153130,KODEX 단기채권,5,60,14,29,74,1.0,10.0,0.22,0.0,1.93,0.34
27,447820,TIGER 24-10 회사채(A+이상)액티브,5,60,14,29,74,1.0,10.0,0.22,0.0,6.36,1.2
27,476810,KODEX 25-11 은행채(AA-이상)PLUS액티브,5,60,14,29,74,1.0,10.0,0.22,0.0,5.99,0.85
27,453540,TIGER 25-10 회사채(A+이상)액티브,5,60,14,29,74,1.0,10.0,0.22,0.0,4.65,1.46
27,481050,KODEX 1년은행양도성예금증서+액티브(합성),5,60,14,29,74,1.0,10.0,0.22,0.0,3.95,0.15
27,475630,TIGER CD1년금리액티브(합성),5,60,14,29,74,1.0,10.0,0.22,0.0,3.84,0.14
27,214980,KODEX 단기채권PLUS,5,60,14,29,74,1.0,10.0,0.22,0.0,1.81,0.18
27,455890,KBSTAR 머니마켓액티브,5,60,14,29,74,1.0,10.0,0.22,0.0,4.41,0.24
27,470260,TIGER 24-12 금융채(AA-이상),5,60,14,29,74,1.0,10.0,0.22,0.0,4.94,0.35
27,465680,KODEX 24-12 은행채(AA+이상)액티브,5,60,14,29,74,1.0,10.0,0.22,0.0,4.34,0.59
27,273130,KODEX 종합채권(AA-이상)액티브,5,60,14,29,74,1.0,10.0,0.22,4.51,1.74,3.05
27,449170,TIGER KOFR금리액티브(합성),5,60,14,29,74,1.0,10.0,0.22,0.0,3.65,0.15
27,390950,HANARO 단기채권액티브,5,60,14,29,79,1.0,10.0,0.22,0.0,2.34,0.27
27,469830,SOL 초단기채권액티브,5,60,14,29,74,1.0,10.0,0.22,0.0,4.6,0.21
27,477050,ARIRANG 머니마켓액티브,5,60,14,29,74,1.0,10.0,0.22,0.0,4.1,0.22
27,467940,KODEX 25-11 회사채(A+이상)액티브,5,60,14,29,74,1.0,10.0,0.22,0.0,6.88,1.08
27,463290,1Q 단기금융채액티브,5,60,14,29,74,1.0,10.0,0.22,0.0,4.58,0.26
27,278620,ARIRANG 단기채권액티브,5,60,14,29,74,1.0,10.0,0.22,0.0,1.94,0.42
27,464230,히어로즈 24-09 회사채(AA-이상)액티브,5,60,14,29,74,1.0,10.0,0.22,0.0,4.18,0.38
27,454780,히어로즈 종합채권(AA-이상)액티브,5,60,14,29,74,1.0,10.0,0.22,0.0,4.98,4.32
27,190620,ACE 단기통안채,5,60,14,29,74,1.0,10.0,0.22,0.0,1.77,0.13
27,461270,ACE 26-06 회사채(AA-이상)액티브,5,60,14,29,74,1.0,10.0,0.22,0.0,6.29,1.4
27,469820,SOL 24-12 회사채(AA-이상)액티브,5,60,14,29,74,1.0,10.0,0.22,0.0,5.13,0.34
27,438330,TIGER 투자등급회사채액티브,5,60,14,29,74,1.0,10.0,0.22,0.0,6.21,2.23
27,272560,KBSTAR 단기국공채액티브,5,60,14,29,74,1.0,10.0,0.22,0.0,2.0,0.36
27,451000,ARIRANG 종합채권(AA-이상)액티브,5,60,14,29,74,1.0,10.0,0.22,0.0,5.79,4.81
27,464540,KBSTAR 25-03 회사채(AA-이상)액티브,5,60,14,29,74,1.0,10.0,0.22,0.0,4.95,0.55
27,473290,KODEX 26-12 회사채(AA-이상)액티브,5,60,14,29,74,1.0,10.0,0.22,0.0,6.18,1.28
27,448880,ACE 24-12 회사채(AA-이상)액티브,5,60,14,29,74,1.0,10.0,0.22,0.0,6.77,0.92
27,439860,KODEX ESG종합채권(A-이상)액티브,5,60,14,29,74,1.0,10.0,0.22,0.0,5.42,2.08
27,273140,KODEX 단기변동금리부채권액티브,5,60,14,29,74,1.0,10.0,0.22,0.0,1.87,0.25
27,479080,1Q 머니마켓액티브,5,60,14,29,74,1.0,10.0,0.22,0.0,4.64,0.18
27,476450,히어로즈 머니마켓액티브,5,60,14,29,74,1.0,10.0,0.22,0.0,4.26,0.32
27,459580,KODEX CD금리액티브(합성),5,60,14,29,79,1.0,10.0,0.22,0.0,3.81,0.15
27,122260,KOSEF 통안채1년,5,60,14,29,74,1.0,10.0,0.22,0.0,2.39,1.33
27,423160,KODEX KOFR금리액티브(합성),5,60,14,29,79,1.0,10.0,0.22,0.0,3.32,0.13
27,484890,SOL 머니마켓액티브,5,60,14,29,79,1.0,10.0,0.22,0.0,4.14,0.12
27,449170,TIGER KOFR금리액티브(합성),5,60,14,29,79,1.0,10.0,0.22,0.0,3.65,0.15
27,464240,히어로즈 26-09 회사채(AA-이상)액티브,5,60,14,29,79,1.0,10.0,0.22,0.0,6.91,1.53
27,475270,ACE 5월만기자동연장회사채AA-이상액티브,5,60,14,29,79,1.0,10.0,0.22,0.0,4.37,0.5
27,465780,마이티 26-09 특수채(AAA)액티브,5,60,14,29,79,1.0,10.0,0.22,0.0,7.41,1.64
27,483230,KBSTAR 25-06 은행채(AA+이상)액티브,5,60,14,29,79,1.0,10.0,0.22,0.0,5.93,0.36
27,448600,KBSTAR 25-11 회사채(AA-이상)액티브,5,60,14,29,79,1.0,10.0,0.22,0.0,7.4,1.89
27,419890,히어로즈 단기채권ESG액티브,5,60,14,29,79,1.0,10.0,0.22,0.0,3.59,0.58
27,453010,ARIRANG KOFR금리,5,60,14,29,79,1.0,10.0,0.22,0.0,3.57,0.15
27,461260,ACE 25-06 회사채(AA-이상)액티브,5,60,14,29,79,1.0,10.0,0.22,0.0,5.26,0.97
27,130730,KOSEF 단기자금,5,60,14,29,79,1.0,10.0,0.22,0.0,2.2,0.45
27,282000,KBSTAR 국고채3년선물인버스,5,60,14,29,79,1.0,10.0,0.22,0.0,1.3,2.16
27,468820,WOORI 25-09 회사채(AA-이상)액티브,5,60,14,29,79,1.0,10.0,0.22,0.0,8.41,0.74
27,470320,BNK 24-11 회사채(AA-이상)액티브,5,60,14,29,79,1.0,10.0,0.22,0.0,5.25,0.29
27,466400,1Q 25-08 회사채(A+이상)액티브,5,60,14,29,79,1.0,10.0,0.22,0.0,6.78,0.86
27,472920,HK 종합채권(AA-이상)액티브,5,60,14,29,79,1.0,10.0,0.22,0.0,8.83,3.31
27,458210,히어로즈 CD금리액티브(합성),5,60,14,29,79,1.0,10.0,0.22,0.0,3.67,0.26
27,475260,ACE 2월만기자동연장회사채AA-이상액티브,5,60,14,29,79,1.0,10.0,0.22,0.0,4.6,0.5
27,440640,ACE 단기채권알파액티브,5,60,14,29,79,1.0,10.0,0.22,0.0,3.81,0.34
27,397410,KBSTAR 국채선물5년추종인버스,5,60,14,29,79,1.0,10.0,0.22,0.0,4.11,4.48
27,479520,KBSTAR KOFR금리액티브(합성),5,60,14,29,79,1.0,10.0,0.22,0.0,3.69,0.15
27,272570,KBSTAR 중장기국공채액티브,5,60,14,29,79,1.0,10.0,0.22,3.42,1.75,2.88
27,298340,ARIRANG 국채선물3년,5,60,14,29,79,1.0,10.0,0.22,0.0,1.64,2.08
27,292770,KODEX 국채선물3년인버스,5,60,14,29,79,1.0,10.0,0.22,1.85,1.42,2.17
27,432600,KBSTAR 국채선물3년,5,60,14,29,79,1.0,10.0,0.22,0.0,3.76,3.69
27,430500,KOSEF 물가채KIS,5,60,14,29,79,1.0,10.0,0.22,0.0,6.8,4.65
27,471290,HANARO CD금리액티브(합성),5,60,14,29,79,1.0,10.0,0.22,0.0,3.65,0.18
27,453060,HANARO KOFR금리액티브(합성),5,60,14,29,79,1.0,10.0,0.22,0.0,3.72,0.17
27,114470,KOSEF 국고채3년,5,60,14,29,79,1.0,10.0,0.22,0.0,2.86,1.75
27,239660,ARIRANG 우량회사채50 1년,5,60,14,29,79,1.0,10.0,0.22,0.0,1.89,0.52
27,122260,KOSEF 통안채1년,5,60,14,29,79,1.0,10.0,0.22,0.0,2.39,1.33
27,438560,SOL 국고채3년,5,60,14,29,79,1.0,10.0,0.22,0.0,4.29,2.83
27,475280,ACE 8월만기자동연장회사채AA-이상액티브,5,60,14,29,79,1.0,10.0,0.22,0.0,4.02,0.51
27,363510,SOL KIS단기통안채,5,60,14,29,79,1.0,10.0,0.22,0.0,1.95,0.29
27,114100,KBSTAR 국고채3년,5,60,14,29,79,1.0,10.0,0.22,0.0,2.88,1.8
27,336160,KBSTAR 금융채액티브,5,60,14,29,79,1.0,10.0,0.22,4.54,1.94,2.03
27,272910,ACE 중장기국공채액티브,5,60,14,29,79,1.0,10.0,0.22,4.09,1.75,2.49
27,458030,WOORI 단기국공채액티브,5,60,14,29,79,1.0,10.0,0.22,0.0,3.98,0.24
27,385550,KBSTAR 단기종합채권(AA-이상)액티브,5,60,14,29,79,1.0,10.0,0.22,0.0,2.84,0.35
27,136340,KBSTAR 중기우량회사채,5,60,14,29,79,1.0,10.0,0.22,0.0,2.91,1.36
27,473440,ACE 11월만기자동연장회사채AA-이상액티브,5,60,14,29,79,1.0,10.0,0.22,0.0,4.59,1.79
27,476810,KODEX 25-11 은행채(AA-이상)PLUS액티브,5,60,14,29,79,1.0,10.0,0.22,0.0,5.99,0.85
27,477050,ARIRANG 머니마켓액티브,5,60,14,29,79,1.0,10.0,0.22,0.0,4.1,0.22
27,469830,SOL 초단기채권액티브,5,60,14,29,79,1.0,10.0,0.22,0.0,4.6,0.21
27,477080,KBSTAR CD금리액티브(합성),5,60,14,29,79,1.0,10.0,0.22,0.0,3.84,0.14
27,196230,KBSTAR 단기통안채,5,60,14,29,79,1.0,10.0,0.22,0.0,1.78,0.21
27,451540,TIGER 종합채권(AA-이상)액티브,5,60,14,29,79,1.0,10.0,0.22,0.0,5.14,4.07
27,272580,TIGER 단기채권액티브,5,60,14,29,79,1.0,10.0,0.22,0.0,1.91,0.22
27,447820,TIGER 24-10 회사채(A+이상)액티브,5,60,14,29,79,1.0,10.0,0.22,0.0,6.36,1.2
27,453540,TIGER 25-10 회사채(A+이상)액티브,5,60,14,29,79,1.0,10.0,0.22,0.0,4.65,1.46
27,451000,ARIRANG 종합채권(AA-이상)액티브,5,60,14,29,79,1.0,10.0,0.22,0.0,5.79,4.81
27,481050,KODEX 1년은행양도성예금증서+액티브(합성),5,60,14,29,79,1.0,10.0,0.22,0.0,3.95,0.15
27,475630,TIGER CD1년금리액티브(합성),5,60,14,29,79,1.0,10.0,0.22,0.0,3.84,0.14
27,214980,KODEX 단기채권PLUS,5,60,14,29,79,1.0,10.0,0.22,0.0,1.81,0.18
27,455890,KBSTAR 머니마켓액티브,5,60,14,29,79,1.0,10.0,0.22,0.0,4.41,0.24
27,470260,TIGER 24-12 금융채(AA-이상),5,60,14,29,79,1.0,10.0,0.22,0.0,4.94,0.35
27,465680,KODEX 24-12 은행채(AA+이상)액티브,5,60,14,29,79,1.0,10.0,0.22,0.0,4.34,0.59
27,273130,KODEX 종합채권(AA-이상)액티브,5,60,14,29,79,1.0,10.0,0.22,4.51,1.74,3.05
27,467940,KODEX 25-11 회사채(A+이상)액티브,5,60,14,29,79,1.0,10.0,0.22,0.0,6.88,1.08
27,153130,KODEX 단기채권,5,60,14,29,79,1.0,10.0,0.22,0.0,1.93,0.34
27,476450,히어로즈 머니마켓액티브,5,60,14,29,79,1.0,10.0,0.22,0.0,4.26,0.32
27,438330,TIGER 투자등급회사채액티브,5,60,14,29,79,1.0,10.0,0.22,0.0,6.21,2.23
27,480260,TIGER 27-04회사채(A+이상)액티브,5,60,14,29,79,1.0,10.0,0.22,0.0,9.38,1.19
27,479080,1Q 머니마켓액티브,5,60,14,29,79,1.0,10.0,0.22,0.0,4.64,0.18
27,462540,SOL 25-09 회사채(AA-이상)액티브,5,60,14,29,79,1.0,10.0,0.22,0.0,5.7,1.01
27,278620,ARIRANG 단기채권액티브,5,60,14,29,79,1.0,10.0,0.22,0.0,1.94,0.42
27,464230,히어로즈 24-09 회사채(AA-이상)액티브,5,60,14,29,79,1.0,10.0,0.22,0.0,4.18,0.38
27,454780,히어로즈 종합채권(AA-이상)액티브,5,60,14,29,79,1.0,10.0,0.22,0.0,4.98,4.32
27,190620,ACE 단기통안채,5,60,14,29,79,1.0,10.0,0.22,0.0,1.77,0.13
27,469820,SOL 24-12 회사채(AA-이상)액티브,5,60,14,29,79,1.0,10.0,0.22,0.0,5.13,0.34
27,461270,ACE 26-06 회사채(AA-이상)액티브,5,60,14,29,79,1.0,10.0,0.22,0.0,6.29,1.4
27,463290,1Q 단기금융채액티브,5,60,14,29,79,1.0,10.0,0.22,0.0,4.58,0.26
27,272560,KBSTAR 단기국공채액티브,5,60,14,29,79,1.0,10.0,0.22,0.0,2.0,0.36
27,464540,KBSTAR 25-03 회사채(AA-이상)액티브,5,60,14,29,79,1.0,10.0,0.22,0.0,4.95,0.55
27,473290,KODEX 26-12 회사채(AA-이상)액티브,5,60,14,29,79,1.0,10.0,0.22,0.0,6.18,1.28
27,448880,ACE 24-12 회사채(AA-이상)액티브,5,60,14,29,79,1.0,10.0,0.22,0.0,6.77,0.92
27,439860,KODEX ESG종합채권(A-이상)액티브,5,60,14,29,79,1.0,10.0,0.22,0.0,5.42,2.08
27,273140,KODEX 단기변동금리부채권액티브,5,60,14,29,79,1.0,10.0,0.22,0.0,1.87,0.25
27,451000,ARIRANG 종합채권(AA-이상)액티브,5,60,14,29,69,1.0,10.0,0.21,0.0,5.79,4.81
27,464540,KBSTAR 25-03 회사채(AA-이상)액티브,5,60,14,29,69,1.0,10.0,0.21,0.0,4.95,0.55
27,467940,KODEX 25-11 회사채(A+이상)액티브,5,60,14,29,69,1.0,10.0,0.21,0.0,6.88,1.08
27,476450,히어로즈 머니마켓액티브,5,60,14,29,69,1.0,10.0,0.21,0.0,4.26,0.32
27,479080,1Q 머니마켓액티브,5,60,14,29,69,1.0,10.0,0.21,0.0,4.64,0.18
27,273140,KODEX 단기변동금리부채권액티브,5,60,14,29,69,1.0,10.0,0.21,0.0,1.87,0.25
27,439860,KODEX ESG종합채권(A-이상)액티브,5,60,14,29,69,1.0,10.0,0.21,0.0,5.42,2.08
27,448880,ACE 24-12 회사채(AA-이상)액티브,5,60,14,29,69,1.0,10.0,0.21,0.0,6.77,0.92
27,473290,KODEX 26-12 회사채(AA-이상)액티브,5,60,14,29,69,1.0,10.0,0.21,0.0,6.18,1.28
27,464230,히어로즈 24-09 회사채(AA-이상)액티브,5,60,14,29,69,1.0,10.0,0.21,0.0,4.18,0.38
27,272560,KBSTAR 단기국공채액티브,5,60,14,29,69,1.0,10.0,0.21,0.0,2.0,0.36
27,463290,1Q 단기금융채액티브,5,60,14,29,69,1.0,10.0,0.21,0.0,4.58,0.26
27,438330,TIGER 투자등급회사채액티브,5,60,14,29,69,1.0,10.0,0.21,0.0,6.21,2.23
27,469820,SOL 24-12 회사채(AA-이상)액티브,5,60,14,29,69,1.0,10.0,0.21,0.0,5.13,0.34
27,461270,ACE 26-06 회사채(AA-이상)액티브,5,60,14,29,69,1.0,10.0,0.21,0.0,6.29,1.4
27,190620,ACE 단기통안채,5,60,14,29,69,1.0,10.0,0.21,0.0,1.77,0.13
27,454780,히어로즈 종합채권(AA-이상)액티브,5,60,14,29,69,1.0,10.0,0.21,0.0,4.98,4.32
27,469830,SOL 초단기채권액티브,5,60,14,29,69,1.0,10.0,0.21,0.0,4.6,0.21
27,278620,ARIRANG 단기채권액티브,5,60,14,29,69,1.0,10.0,0.21,0.0,1.94,0.42
27,477050,ARIRANG 머니마켓액티브,5,60,14,29,69,1.0,10.0,0.21,0.0,4.1,0.22
27,357870,TIGER CD금리투자KIS(합성),5,60,14,29,69,1.0,10.0,0.21,0.0,2.24,0.23
27,477080,KBSTAR CD금리액티브(합성),5,60,14,29,69,1.0,10.0,0.21,0.0,3.84,0.14
27,196230,KBSTAR 단기통안채,5,60,14,29,69,1.0,10.0,0.21,0.0,1.78,0.21
27,480260,TIGER 27-04회사채(A+이상)액티브,5,60,14,29,69,1.0,10.0,0.21,0.0,9.38,1.19
27,459580,KODEX CD금리액티브(합성),5,60,14,29,69,1.0,10.0,0.21,0.0,3.81,0.15
27,423160,KODEX KOFR금리액티브(합성),5,60,14,29,69,1.0,10.0,0.21,0.0,3.32,0.13
27,449170,TIGER KOFR금리액티브(합성),5,60,14,29,69,1.0,10.0,0.21,0.0,3.65,0.15
27,273130,KODEX 종합채권(AA-이상)액티브,5,60,14,29,69,1.0,10.0,0.21,4.51,1.74,3.05
27,465680,KODEX 24-12 은행채(AA+이상)액티브,5,60,14,29,69,1.0,10.0,0.21,0.0,4.34,0.59
27,470260,TIGER 24-12 금융채(AA-이상),5,60,14,29,69,1.0,10.0,0.21,0.0,4.94,0.35
27,455890,KBSTAR 머니마켓액티브,5,60,14,29,69,1.0,10.0,0.21,0.0,4.41,0.24
27,214980,KODEX 단기채권PLUS,5,60,14,29,69,1.0,10.0,0.21,0.0,1.81,0.18
27,475630,TIGER CD1년금리액티브(합성),5,60,14,29,69,1.0,10.0,0.21,0.0,3.84,0.14
27,481050,KODEX 1년은행양도성예금증서+액티브(합성),5,60,14,29,69,1.0,10.0,0.21,0.0,3.95,0.15
27,453540,TIGER 25-10 회사채(A+이상)액티브,5,60,14,29,69,1.0,10.0,0.21,0.0,4.65,1.46
27,476810,KODEX 25-11 은행채(AA-이상)PLUS액티브,5,60,14,29,69,1.0,10.0,0.21,0.0,5.99,0.85
27,447820,TIGER 24-10 회사채(A+이상)액티브,5,60,14,29,69,1.0,10.0,0.21,0.0,6.36,1.2
27,153130,KODEX 단기채권,5,60,14,29,69,1.0,10.0,0.21,0.0,1.93,0.34
27,272580,TIGER 단기채권액티브,5,60,14,29,69,1.0,10.0,0.21,0.0,1.91,0.22
27,451540,TIGER 종합채권(AA-이상)액티브,5,60,14,29,69,1.0,10.0,0.21,0.0,5.14,4.07
27,462540,SOL 25-09 회사채(AA-이상)액티브,5,60,14,29,69,1.0,10.0,0.21,0.0,5.7,1.01
27,298340,ARIRANG 국채선물3년,5,60,14,29,69,1.0,10.0,0.21,0.0,1.64,2.08
27,473440,ACE 11월만기자동연장회사채AA-이상액티브,5,60,14,29,69,1.0,10.0,0.21,0.0,4.59,1.79
27,397410,KBSTAR 국채선물5년추종인버스,5,60,14,29,69,1.0,10.0,0.21,0.0,4.11,4.48
27,122260,KOSEF 통안채1년,5,60,14,29,69,1.0,10.0,0.21,0.0,2.39,1.33
27,458030,WOORI 단기국공채액티브,5,60,14,29,69,1.0,10.0,0.21,0.0,3.98,0.24
27,272910,ACE 중장기국공채액티브,5,60,14,29,69,1.0,10.0,0.21,4.09,1.75,2.49
27,336160,KBSTAR 금융채액티브,5,60,14,29,69,1.0,10.0,0.21,4.42,1.94,2.03
27,114100,KBSTAR 국고채3년,5,60,14,29,69,1.0,10.0,0.21,0.0,2.88,1.8
27,363510,SOL KIS단기통안채,5,60,14,29,69,1.0,10.0,0.21,0.0,1.95,0.29
27,438560,SOL 국고채3년,5,60,14,29,69,1.0,10.0,0.21,0.0,4.29,2.83
27,239660,ARIRANG 우량회사채50 1년,5,60,14,29,69,1.0,10.0,0.21,0.0,1.89,0.52
27,272570,KBSTAR 중장기국공채액티브,5,60,14,29,69,1.0,10.0,0.21,3.42,1.75,2.88
27,114470,KOSEF 국고채3년,5,60,14,29,69,1.0,10.0,0.21,0.0,2.86,1.75
27,453060,HANARO KOFR금리액티브(합성),5,60,14,29,69,1.0,10.0,0.21,0.0,3.72,0.17
27,471290,HANARO CD금리액티브(합성),5,60,14,29,69,1.0,10.0,0.21,0.0,3.65,0.18
27,430500,KOSEF 물가채KIS,5,60,14,29,69,1.0,10.0,0.21,0.0,6.8,4.65
27,432600,KBSTAR 국채선물3년,5,60,14,29,69,1.0,10.0,0.21,0.0,3.76,3.69
27,292770,KODEX 국채선물3년인버스,5,60,14,29,69,1.0,10.0,0.21,1.03,1.42,2.17
27,390950,HANARO 단기채권액티브,5,60,14,29,69,1.0,10.0,0.21,0.0,2.34,0.27
27,484890,SOL 머니마켓액티브,5,60,14,29,69,1.0,10.0,0.21,0.0,4.14,0.12
27,479520,KBSTAR KOFR금리액티브(합성),5,60,14,29,69,1.0,10.0,0.21,0.0,3.69,0.15
27,475280,ACE 8월만기자동연장회사채AA-이상액티브,5,60,14,29,69,1.0,10.0,0.21,0.0,4.02,0.51
27,440640,ACE 단기채권알파액티브,5,60,14,29,69,1.0,10.0,0.21,0.0,3.81,0.34
27,461260,ACE 25-06 회사채(AA-이상)액티브,5,60,14,29,69,1.0,10.0,0.21,0.0,5.26,0.97
27,136340,KBSTAR 중기우량회사채,5,60,14,29,69,1.0,10.0,0.21,0.0,2.91,1.36
27,475260,ACE 2월만기자동연장회사채AA-이상액티브,5,60,14,29,69,1.0,10.0,0.21,0.0,4.6,0.5
27,458210,히어로즈 CD금리액티브(합성),5,60,14,29,69,1.0,10.0,0.21,0.0,3.67,0.26
27,472920,HK 종합채권(AA-이상)액티브,5,60,14,29,69,1.0,10.0,0.21,0.0,8.83,3.31
27,466400,1Q 25-08 회사채(A+이상)액티브,5,60,14,29,69,1.0,10.0,0.21,0.0,6.78,0.86
27,470320,BNK 24-11 회사채(AA-이상)액티브,5,60,14,29,69,1.0,10.0,0.21,0.0,5.25,0.29
27,282000,KBSTAR 국고채3년선물인버스,5,60,14,29,69,1.0,10.0,0.21,0.0,1.3,2.16
27,130730,KOSEF 단기자금,5,60,14,29,69,1.0,10.0,0.21,0.0,2.2,0.45
27,468820,WOORI 25-09 회사채(AA-이상)액티브,5,60,14,29,69,1.0,10.0,0.21,0.0,8.41,0.74
27,453010,ARIRANG KOFR금리,5,60,14,29,69,1.0,10.0,0.21,0.0,3.57,0.15
27,385550,KBSTAR 단기종합채권(AA-이상)액티브,5,60,14,29,69,1.0,10.0,0.21,0.0,2.84,0.35
27,419890,히어로즈 단기채권ESG액티브,5,60,14,29,69,1.0,10.0,0.21,0.0,3.59,0.58
27,448600,KBSTAR 25-11 회사채(AA-이상)액티브,5,60,14,29,69,1.0,10.0,0.21,0.0,7.4,1.89
27,483230,KBSTAR 25-06 은행채(AA+이상)액티브,5,60,14,29,69,1.0,10.0,0.21,0.0,5.93,0.36
27,465780,마이티 26-09 특수채(AAA)액티브,5,60,14,29,69,1.0,10.0,0.21,0.0,7.41,1.64
27,475270,ACE 5월만기자동연장회사채AA-이상액티브,5,60,14,29,69,1.0,10.0,0.21,0.0,4.37,0.5
27,464240,히어로즈 26-09 회사채(AA-이상)액티브,5,60,14,29,69,1.0,10.0,0.21,0.0,6.91,1.53
27,464540,KBSTAR 25-03 회사채(AA-이상)액티브,5,60,14,29,64,1.0,10.0,0.2,0.0,4.95,0.55
27,451000,ARIRANG 종합채권(AA-이상)액티브,5,60,14,29,64,1.0,10.0,0.2,0.0,5.79,4.81
27,476450,히어로즈 머니마켓액티브,5,60,14,29,64,1.0,10.0,0.2,0.0,4.26,0.32
27,479080,1Q 머니마켓액티브,5,60,14,29,64,1.0,10.0,0.2,0.0,4.64,0.18
27,273140,KODEX 단기변동금리부채권액티브,5,60,14,29,64,1.0,10.0,0.2,0.0,1.87,0.25
27,439860,KODEX ESG종합채권(A-이상)액티브,5,60,14,29,64,1.0,10.0,0.2,0.0,5.42,2.08
27,448880,ACE 24-12 회사채(AA-이상)액티브,5,60,14,29,64,1.0,10.0,0.2,0.0,6.77,0.92
27,473290,KODEX 26-12 회사채(AA-이상)액티브,5,60,14,29,64,1.0,10.0,0.2,0.0,6.18,1.28
27,278620,ARIRANG 단기채권액티브,5,60,14,29,64,1.0,10.0,0.2,0.0,1.94,0.42
27,272560,KBSTAR 단기국공채액티브,5,60,14,29,64,1.0,10.0,0.2,0.0,2.0,0.36
27,463290,1Q 단기금융채액티브,5,60,14,29,64,1.0,10.0,0.2,0.0,4.58,0.26
27,438330,TIGER 투자등급회사채액티브,5,60,14,29,64,1.0,10.0,0.2,0.0,6.21,2.23
27,469820,SOL 24-12 회사채(AA-이상)액티브,5,60,14,29,64,1.0,10.0,0.2,0.0,5.13,0.34
27,461270,ACE 26-06 회사채(AA-이상)액티브,5,60,14,29,64,1.0,10.0,0.2,0.0,6.29,1.4
27,190620,ACE 단기통안채,5,60,14,29,64,1.0,10.0,0.2,0.0,1.77,0.13
27,454780,히어로즈 종합채권(AA-이상)액티브,5,60,14,29,64,1.0,10.0,0.2,0.0,4.98,4.32
27,464230,히어로즈 24-09 회사채(AA-이상)액티브,5,60,14,29,64,1.0,10.0,0.2,0.0,4.18,0.38
27,477050,ARIRANG 머니마켓액티브,5,60,14,29,64,1.0,10.0,0.2,0.0,4.1,0.22
27,467940,KODEX 25-11 회사채(A+이상)액티브,5,60,14,29,64,1.0,10.0,0.2,0.0,6.88,1.08
27,459580,KODEX CD금리액티브(합성),5,60,14,29,64,1.0,10.0,0.2,0.0,3.81,0.15
27,469830,SOL 초단기채권액티브,5,60,14,29,64,1.0,10.0,0.2,0.0,4.6,0.21
27,214980,KODEX 단기채권PLUS,5,60,14,29,64,1.0,10.0,0.2,0.0,1.81,0.18
27,480260,TIGER 27-04회사채(A+이상)액티브,5,60,14,29,64,1.0,10.0,0.2,0.0,9.38,1.19
27,357870,TIGER CD금리투자KIS(합성),5,60,14,29,64,1.0,10.0,0.2,0.0,2.24,0.23
27,423160,KODEX KOFR금리액티브(합성),5,60,14,29,64,1.0,10.0,0.2,0.0,3.32,0.13
27,449170,TIGER KOFR금리액티브(합성),5,60,14,29,64,1.0,10.0,0.2,0.0,3.65,0.15
27,273130,KODEX 종합채권(AA-이상)액티브,5,60,14,29,64,1.0,10.0,0.2,4.27,1.74,3.05
27,465680,KODEX 24-12 은행채(AA+이상)액티브,5,60,14,29,64,1.0,10.0,0.2,0.0,4.34,0.59
27,470260,TIGER 24-12 금융채(AA-이상),5,60,14,29,64,1.0,10.0,0.2,0.0,4.94,0.35
27,455890,KBSTAR 머니마켓액티브,5,60,14,29,64,1.0,10.0,0.2,0.0,4.41,0.24
27,475630,TIGER CD1년금리액티브(합성),5,60,14,29,64,1.0,10.0,0.2,0.0,3.84,0.14
27,477080,KBSTAR CD금리액티브(합성),5,60,14,29,64,1.0,10.0,0.2,0.0,3.84,0.14
27,481050,KODEX 1년은행양도성예금증서+액티브(합성),5,60,14,29,64,1.0,10.0,0.2,0.0,3.95,0.15
27,453540,TIGER 25-10 회사채(A+이상)액티브,5,60,14,29,64,1.0,10.0,0.2,0.0,4.65,1.46
27,476810,KODEX 25-11 은행채(AA-이상)PLUS액티브,5,60,14,29,64,1.0,10.0,0.2,0.0,5.99,0.85
27,447820,TIGER 24-10 회사채(A+이상)액티브,5,60,14,29,64,1.0,10.0,0.2,0.0,6.36,1.2
27,153130,KODEX 단기채권,5,60,14,29,64,1.0,10.0,0.2,0.0,1.93,0.34
27,272580,TIGER 단기채권액티브,5,60,14,29,64,1.0,10.0,0.2,0.0,1.91,0.22
27,451540,TIGER 종합채권(AA-이상)액티브,5,60,14,29,64,1.0,10.0,0.2,0.0,5.14,4.07
27,196230,KBSTAR 단기통안채,5,60,14,29,64,1.0,10.0,0.2,0.0,1.78,0.21
27,462540,SOL 25-09 회사채(AA-이상)액티브,5,60,14,29,64,1.0,10.0,0.2,0.0,5.7,1.01
27,136340,KBSTAR 중기우량회사채,5,60,14,29,64,1.0,10.0,0.2,0.0,2.91,1.36
27,473440,ACE 11월만기자동연장회사채AA-이상액티브,5,60,14,29,64,1.0,10.0,0.2,0.0,4.59,1.79
27,272570,KBSTAR 중장기국공채액티브,5,60,14,29,64,1.0,10.0,0.2,3.23,1.75,2.88
27,458030,WOORI 단기국공채액티브,5,60,14,29,64,1.0,10.0,0.2,0.0,3.98,0.24
27,272910,ACE 중장기국공채액티브,5,60,14,29,64,1.0,10.0,0.2,3.69,1.75,2.49
27,336160,KBSTAR 금융채액티브,5,60,14,29,64,1.0,10.0,0.2,3.83,1.94,2.03
27,114100,KBSTAR 국고채3년,5,60,14,29,64,1.0,10.0,0.2,0.0,2.88,1.8
27,363510,SOL KIS단기통안채,5,60,14,29,64,1.0,10.0,0.2,0.0,1.95,0.29
27,475280,ACE 8월만기자동연장회사채AA-이상액티브,5,60,14,29,64,1.0,10.0,0.2,0.0,4.02,0.51
27,438560,SOL 국고채3년,5,60,14,29,64,1.0,10.0,0.2,0.0,4.29,2.83
27,239660,ARIRANG 우량회사채50 1년,5,60,14,29,64,1.0,10.0,0.2,0.0,1.89,0.52
27,114470,KOSEF 국고채3년,5,60,14,29,64,1.0,10.0,0.2,0.0,2.86,1.75
27,484890,SOL 머니마켓액티브,5,60,14,29,64,1.0,10.0,0.2,0.0,4.14,0.12
27,453060,HANARO KOFR금리액티브(합성),5,60,14,29,64,1.0,10.0,0.2,0.0,3.72,0.17
27,471290,HANARO CD금리액티브(합성),5,60,14,29,64,1.0,10.0,0.2,0.0,3.65,0.18
27,430500,KOSEF 물가채KIS,5,60,14,29,64,1.0,10.0,0.2,0.0,6.8,4.65
27,432600,KBSTAR 국채선물3년,5,60,14,29,64,1.0,10.0,0.2,0.0,3.76,3.69
27,292770,KODEX 국채선물3년인버스,5,60,14,29,64,1.0,10.0,0.2,1.03,1.42,2.17
27,298340,ARIRANG 국채선물3년,5,60,14,29,64,1.0,10.0,0.2,0.0,1.64,2.08
27,390950,HANARO 단기채권액티브,5,60,14,29,64,1.0,10.0,0.2,0.0,2.34,0.27
27,292770,KODEX 국채선물3년인버스,5,60,14,29,59,1.0,10.0,0.2,0.41,1.42,2.17
27,122260,KOSEF 통안채1년,5,60,14,29,64,1.0,10.0,0.2,0.0,2.39,1.33
27,479520,KBSTAR KOFR금리액티브(합성),5,60,14,29,64,1.0,10.0,0.2,0.0,3.69,0.15
27,397410,KBSTAR 국채선물5년추종인버스,5,60,14,29,64,1.0,10.0,0.2,0.0,4.11,4.48
27,440640,ACE 단기채권알파액티브,5,60,14,29,64,1.0,10.0,0.2,0.0,3.81,0.34
27,385550,KBSTAR 단기종합채권(AA-이상)액티브,5,60,14,29,64,1.0,10.0,0.2,0.0,2.84,0.35
27,475260,ACE 2월만기자동연장회사채AA-이상액티브,5,60,14,29,64,1.0,10.0,0.2,0.0,4.6,0.5
27,458210,히어로즈 CD금리액티브(합성),5,60,14,29,64,1.0,10.0,0.2,0.0,3.67,0.26
27,472920,HK 종합채권(AA-이상)액티브,5,60,14,29,64,1.0,10.0,0.2,0.0,8.83,3.31
27,466400,1Q 25-08 회사채(A+이상)액티브,5,60,14,29,64,1.0,10.0,0.2,0.0,6.78,0.86
27,470320,BNK 24-11 회사채(AA-이상)액티브,5,60,14,29,64,1.0,10.0,0.2,0.0,5.25,0.29
27,468820,WOORI 25-09 회사채(AA-이상)액티브,5,60,14,29,64,1.0,10.0,0.2,0.0,8.41,0.74
27,282000,KBSTAR 국고채3년선물인버스,5,60,14,29,64,1.0,10.0,0.2,0.0,1.3,2.16
27,130730,KOSEF 단기자금,5,60,14,29,64,1.0,10.0,0.2,0.0,2.2,0.45
27,461260,ACE 25-06 회사채(AA-이상)액티브,5,60,14,29,64,1.0,10.0,0.2,0.0,5.26,0.97
27,453010,ARIRANG KOFR금리,5,60,14,29,64,1.0,10.0,0.2,0.0,3.57,0.15
27,419890,히어로즈 단기채권ESG액티브,5,60,14,29,64,1.0,10.0,0.2,0.0,3.59,0.58
27,448600,KBSTAR 25-11 회사채(AA-이상)액티브,5,60,14,29,64,1.0,10.0,0.2,0.0,7.4,1.89
27,483230,KBSTAR 25-06 은행채(AA+이상)액티브,5,60,14,29,64,1.0,10.0,0.2,0.0,5.93,0.36
27,465780,마이티 26-09 특수채(AAA)액티브,5,60,14,29,64,1.0,10.0,0.2,0.0,7.41,1.64
27,475270,ACE 5월만기자동연장회사채AA-이상액티브,5,60,14,29,64,1.0,10.0,0.2,0.0,4.37,0.5
27,464240,히어로즈 26-09 회사채(AA-이상)액티브,5,60,14,29,64,1.0,10.0,0.2,0.0,6.91,1.53
27,390950,HANARO 단기채권액티브,5,60,14,29,59,1.0,10.0,0.2,0.0,2.34,0.27
27,298340,ARIRANG 국채선물3년,5,60,14,29,59,1.0,10.0,0.2,0.0,1.64,2.08
27,477050,ARIRANG 머니마켓액티브,5,60,14,29,59,1.0,10.0,0.2,0.0,4.1,0.22
27,480260,TIGER 27-04회사채(A+이상)액티브,5,60,14,29,59,1.0,10.0,0.2,0.0,9.38,1.19
27,467940,KODEX 25-11 회사채(A+이상)액티브,5,60,14,29,59,1.0,10.0,0.2,0.0,6.88,1.08
27,451000,ARIRANG 종합채권(AA-이상)액티브,5,60,14,29,59,1.0,10.0,0.2,0.0,5.79,4.81
27,476450,히어로즈 머니마켓액티브,5,60,14,29,59,1.0,10.0,0.2,0.0,4.26,0.32
27,479080,1Q 머니마켓액티브,5,60,14,29,59,1.0,10.0,0.2,0.0,4.64,0.18
27,273140,KODEX 단기변동금리부채권액티브,5,60,14,29,59,1.0,10.0,0.2,0.0,1.87,0.25
27,439860,KODEX ESG종합채권(A-이상)액티브,5,60,14,29,59,1.0,10.0,0.2,0.0,5.42,2.08
27,448880,ACE 24-12 회사채(AA-이상)액티브,5,60,14,29,59,1.0,10.0,0.2,0.0,6.77,0.92
27,473290,KODEX 26-12 회사채(AA-이상)액티브,5,60,14,29,59,1.0,10.0,0.2,0.0,6.18,1.28
27,464540,KBSTAR 25-03 회사채(AA-이상)액티브,5,60,14,29,59,1.0,10.0,0.2,0.0,4.95,0.55
27,272560,KBSTAR 단기국공채액티브,5,60,14,29,59,1.0,10.0,0.2,0.0,2.0,0.36
27,438330,TIGER 투자등급회사채액티브,5,60,14,29,59,1.0,10.0,0.2,0.0,6.21,2.23
27,469820,SOL 24-12 회사채(AA-이상)액티브,5,60,14,29,59,1.0,10.0,0.2,0.0,5.13,0.34
27,461270,ACE 26-06 회사채(AA-이상)액티브,5,60,14,29,59,1.0,10.0,0.2,0.0,6.29,1.4
27,190620,ACE 단기통안채,5,60,14,29,59,1.0,10.0,0.2,0.0,1.77,0.13
27,454780,히어로즈 종합채권(AA-이상)액티브,5,60,14,29,59,1.0,10.0,0.2,0.0,4.98,4.32
27,464230,히어로즈 24-09 회사채(AA-이상)액티브,5,60,14,29,59,1.0,10.0,0.2,0.0,4.18,0.38
27,278620,ARIRANG 단기채권액티브,5,60,14,29,59,1.0,10.0,0.2,0.0,1.94,0.42
27,469830,SOL 초단기채권액티브,5,60,14,29,59,1.0,10.0,0.2,0.0,4.6,0.21
27,477080,KBSTAR CD금리액티브(합성),5,60,14,29,59,1.0,10.0,0.2,0.0,3.84,0.14
27,196230,KBSTAR 단기통안채,5,60,14,29,59,1.0,10.0,0.2,0.0,1.78,0.21
27,455890,KBSTAR 머니마켓액티브,5,60,14,29,59,1.0,10.0,0.2,0.0,4.41,0.24
27,357870,TIGER CD금리투자KIS(합성),5,60,14,29,59,1.0,10.0,0.2,0.0,2.24,0.23
27,459580,KODEX CD금리액티브(합성),5,60,14,29,59,1.0,10.0,0.2,0.0,3.81,0.15
27,423160,KODEX KOFR금리액티브(합성),5,60,14,29,59,1.0,10.0,0.2,0.0,3.32,0.13
27,449170,TIGER KOFR금리액티브(합성),5,60,14,29,59,1.0,10.0,0.2,0.0,3.65,0.15
27,273130,KODEX 종합채권(AA-이상)액티브,5,60,14,29,59,1.0,10.0,0.2,4.23,1.74,3.05
27,465680,KODEX 24-12 은행채(AA+이상)액티브,5,60,14,29,59,1.0,10.0,0.2,0.0,4.34,0.59
27,470260,TIGER 24-12 금융채(AA-이상),5,60,14,29,59,1.0,10.0,0.2,0.0,4.94,0.35
27,214980,KODEX 단기채권PLUS,5,60,14,29,59,1.0,10.0,0.2,0.0,1.81,0.18
27,451540,TIGER 종합채권(AA-이상)액티브,5,60,14,29,59,1.0,10.0,0.2,0.0,5.14,4.07
27,475630,TIGER CD1년금리액티브(합성),5,60,14,29,59,1.0,10.0,0.2,0.0,3.84,0.14
27,481050,KODEX 1년은행양도성예금증서+액티브(합성),5,60,14,29,59,1.0,10.0,0.2,0.0,3.95,0.15
27,453540,TIGER 25-10 회사채(A+이상)액티브,5,60,14,29,59,1.0,10.0,0.2,0.0,4.65,1.46
27,476810,KODEX 25-11 은행채(AA-이상)PLUS액티브,5,60,14,29,59,1.0,10.0,0.2,0.0,5.99,0.85
27,447820,TIGER 24-10 회사채(A+이상)액티브,5,60,14,29,59,1.0,10.0,0.2,0.0,6.36,1.2
27,153130,KODEX 단기채권,5,60,14,29,59,1.0,10.0,0.2,0.0,1.93,0.34
27,272580,TIGER 단기채권액티브,5,60,14,29,59,1.0,10.0,0.2,0.0,1.91,0.22
27,462540,SOL 25-09 회사채(AA-이상)액티브,5,60,14,29,59,1.0,10.0,0.2,0.0,5.7,1.01
27,463290,1Q 단기금융채액티브,5,60,14,29,59,1.0,10.0,0.2,0.0,4.58,0.26
27,473440,ACE 11월만기자동연장회사채AA-이상액티브,5,60,14,29,59,1.0,10.0,0.2,0.0,4.59,1.79
27,136340,KBSTAR 중기우량회사채,5,60,14,29,59,1.0,10.0,0.2,0.0,2.91,1.36
27,397410,KBSTAR 국채선물5년추종인버스,5,60,14,29,59,1.0,10.0,0.2,0.0,4.11,4.48
27,479520,KBSTAR KOFR금리액티브(합성),5,60,14,29,59,1.0,10.0,0.2,0.0,3.69,0.15
27,122260,KOSEF 통안채1년,5,60,14,29,59,1.0,10.0,0.2,0.0,2.39,1.33
27,458030,WOORI 단기국공채액티브,5,60,14,29,59,1.0,10.0,0.2,0.0,3.98,0.24
27,272910,ACE 중장기국공채액티브,5,60,14,29,59,1.0,10.0,0.2,3.91,1.75,2.49
27,336160,KBSTAR 금융채액티브,5,60,14,29,59,1.0,10.0,0.2,4.63,1.94,2.03
27,484890,SOL 머니마켓액티브,5,60,14,29,59,1.0,10.0,0.2,0.0,4.14,0.12
27,363510,SOL KIS단기통안채,5,60,14,29,59,1.0,10.0,0.2,0.0,1.95,0.29
27,475280,ACE 8월만기자동연장회사채AA-이상액티브,5,60,14,29,59,1.0,10.0,0.2,0.0,4.02,0.51
27,438560,SOL 국고채3년,5,60,14,29,59,1.0,10.0,0.2,0.0,4.29,2.83
27,239660,ARIRANG 우량회사채50 1년,5,60,14,29,59,1.0,10.0,0.2,0.0,1.89,0.52
27,272570,KBSTAR 중장기국공채액티브,5,60,14,29,59,1.0,10.0,0.2,3.22,1.75,2.88
27,114470,KOSEF 국고채3년,5,60,14,29,59,1.0,10.0,0.2,0.0,2.86,1.75
27,453060,HANARO KOFR금리액티브(합성),5,60,14,29,59,1.0,10.0,0.2,0.0,3.72,0.17
27,471290,HANARO CD금리액티브(합성),5,60,14,29,59,1.0,10.0,0.2,0.0,3.65,0.18
27,430500,KOSEF 물가채KIS,5,60,14,29,59,1.0,10.0,0.2,0.0,6.8,4.65
27,432600,KBSTAR 국채선물3년,5,60,14,29,59,1.0,10.0,0.2,0.0,3.76,3.69
27,440640,ACE 단기채권알파액티브,5,60,14,29,59,1.0,10.0,0.2,0.0,3.81,0.34
27,114100,KBSTAR 국고채3년,5,60,14,29,59,1.0,10.0,0.2,0.0,2.88,1.8
27,464240,히어로즈 26-09 회사채(AA-이상)액티브,5,60,14,29,59,1.0,10.0,0.2,0.0,6.91,1.53
27,130730,KOSEF 단기자금,5,60,14,29,59,1.0,10.0,0.2,0.0,2.2,0.45
27,475260,ACE 2월만기자동연장회사채AA-이상액티브,5,60,14,29,59,1.0,10.0,0.2,0.0,4.6,0.5
27,458210,히어로즈 CD금리액티브(합성),5,60,14,29,59,1.0,10.0,0.2,0.0,3.67,0.26
27,472920,HK 종합채권(AA-이상)액티브,5,60,14,29,59,1.0,10.0,0.2,0.0,8.83,3.31
27,466400,1Q 25-08 회사채(A+이상)액티브,5,60,14,29,59,1.0,10.0,0.2,0.0,6.78,0.86
27,470320,BNK 24-11 회사채(AA-이상)액티브,5,60,14,29,59,1.0,10.0,0.2,0.0,5.25,0.29
27,468820,WOORI 25-09 회사채(AA-이상)액티브,5,60,14,29,59,1.0,10.0,0.2,0.0,8.41,0.74
27,282000,KBSTAR 국고채3년선물인버스,5,60,14,29,59,1.0,10.0,0.2,0.0,1.3,2.16
27,385550,KBSTAR 단기종합채권(AA-이상)액티브,5,60,14,29,59,1.0,10.0,0.2,0.0,2.84,0.35
27,461260,ACE 25-06 회사채(AA-이상)액티브,5,60,14,29,59,1.0,10.0,0.2,0.0,5.26,0.97
27,419890,히어로즈 단기채권ESG액티브,5,60,14,29,59,1.0,10.0,0.2,0.0,3.59,0.58
27,448600,KBSTAR 25-11 회사채(AA-이상)액티브,5,60,14,29,59,1.0,10.0,0.2,0.0,7.4,1.89
27,483230,KBSTAR 25-06 은행채(AA+이상)액티브,5,60,14,29,59,1.0,10.0,0.2,0.0,5.93,0.36
27,465780,마이티 26-09 특수채(AAA)액티브,5,60,14,29,59,1.0,10.0,0.2,0.0,7.41,1.64
27,475270,ACE 5월만기자동연장회사채AA-이상액티브,5,60,14,29,59,1.0,10.0,0.2,0.0,4.37,0.5
27,453010,ARIRANG KOFR금리,5,60,14,29,59,1.0,10.0,0.2,0.0,3.57,0.15
27,453010,ARIRANG KOFR금리,5,120,14,34,54,1.0,10.0,0.19,0.0,3.57,0.15
27,440640,ACE 단기채권알파액티브,5,120,14,34,54,1.0,10.0,0.19,0.0,3.81,0.34
27,136340,KBSTAR 중기우량회사채,5,120,14,34,54,1.0,10.0,0.19,0.0,2.91,1.36
27,464240,히어로즈 26-09 회사채(AA-이상)액티브,5,120,14,34,54,1.0,10.0,0.19,0.0,6.91,1.53
27,475270,ACE 5월만기자동연장회사채AA-이상액티브,5,120,14,34,54,1.0,10.0,0.19,0.0,4.37,0.5
27,465780,마이티 26-09 특수채(AAA)액티브,5,120,14,34,54,1.0,10.0,0.19,0.0,7.41,1.64
27,483230,KBSTAR 25-06 은행채(AA+이상)액티브,5,120,14,34,54,1.0,10.0,0.19,0.0,5.93,0.36
27,448600,KBSTAR 25-11 회사채(AA-이상)액티브,5,120,14,34,54,1.0,10.0,0.19,0.0,7.4,1.89
27,419890,히어로즈 단기채권ESG액티브,5,120,14,34,54,1.0,10.0,0.19,0.0,3.59,0.58
27,468820,WOORI 25-09 회사채(AA-이상)액티브,5,120,14,34,54,1.0,10.0,0.19,0.0,8.41,0.74
27,461260,ACE 25-06 회사채(AA-이상)액티브,5,120,14,34,54,1.0,10.0,0.19,0.0,5.26,0.97
27,130730,KOSEF 단기자금,5,120,14,34,54,1.0,10.0,0.19,0.0,2.2,0.45
27,282000,KBSTAR 국고채3년선물인버스,5,120,14,34,54,1.0,10.0,0.19,0.0,1.3,2.16
27,470320,BNK 24-11 회사채(AA-이상)액티브,5,120,14,34,54,1.0,10.0,0.19,0.0,5.25,0.29
27,466400,1Q 25-08 회사채(A+이상)액티브,5,120,14,34,54,1.0,10.0,0.19,0.0,6.78,0.86
27,472920,HK 종합채권(AA-이상)액티브,5,120,14,34,54,1.0,10.0,0.19,0.0,8.83,3.31
27,458210,히어로즈 CD금리액티브(합성),5,120,14,34,54,1.0,10.0,0.19,0.0,3.67,0.26
27,475260,ACE 2월만기자동연장회사채AA-이상액티브,5,120,14,34,54,1.0,10.0,0.19,0.0,4.6,0.5
27,479520,KBSTAR KOFR금리액티브(합성),5,120,14,34,54,1.0,10.0,0.19,0.0,3.69,0.15
27,397410,KBSTAR 국채선물5년추종인버스,5,120,14,34,54,1.0,10.0,0.19,0.0,4.11,4.48
27,484890,SOL 머니마켓액티브,5,120,14,34,54,1.0,10.0,0.19,0.0,4.14,0.12
27,122260,KOSEF 통안채1년,5,120,14,34,54,1.0,10.0,0.19,0.0,2.39,1.33
27,458030,WOORI 단기국공채액티브,5,120,14,34,54,1.0,10.0,0.19,0.0,3.98,0.24
27,473440,ACE 11월만기자동연장회사채AA-이상액티브,5,120,14,34,54,1.0,10.0,0.19,0.0,4.59,1.79
27,390950,HANARO 단기채권액티브,5,120,14,34,54,1.0,10.0,0.19,0.0,2.34,0.27
27,298340,ARIRANG 국채선물3년,5,120,14,34,54,1.0,10.0,0.19,2.52,1.64,2.08
27,292770,KODEX 국채선물3년인버스,5,120,14,34,54,1.0,10.0,0.19,5.64,1.42,2.17
27,432600,KBSTAR 국채선물3년,5,120,14,34,54,1.0,10.0,0.19,0.0,3.76,3.69
27,430500,KOSEF 물가채KIS,5,120,14,34,54,1.0,10.0,0.19,0.0,6.8,4.65
27,471290,HANARO CD금리액티브(합성),5,120,14,34,54,1.0,10.0,0.19,0.0,3.65,0.18
27,453060,HANARO KOFR금리액티브(합성),5,120,14,34,54,1.0,10.0,0.19,0.0,3.72,0.17
27,114470,KOSEF 국고채3년,5,120,14,34,54,1.0,10.0,0.19,2.33,2.86,1.75
27,272570,KBSTAR 중장기국공채액티브,5,120,14,34,54,1.0,10.0,0.19,2.55,1.75,2.88
27,239660,ARIRANG 우량회사채50 1년,5,120,14,34,54,1.0,10.0,0.19,0.0,1.89,0.52
27,438560,SOL 국고채3년,5,120,14,34,54,1.0,10.0,0.19,0.0,4.29,2.83
27,475280,ACE 8월만기자동연장회사채AA-이상액티브,5,120,14,34,54,1.0,10.0,0.19,0.0,4.02,0.51
27,363510,SOL KIS단기통안채,5,120,14,34,54,1.0,10.0,0.19,0.0,1.95,0.29
27,114100,KBSTAR 국고채3년,5,120,14,34,54,1.0,10.0,0.19,2.32,2.88,1.8
27,336160,KBSTAR 금융채액티브,5,120,14,34,54,1.0,10.0,0.19,0.0,1.94,2.03
27,272910,ACE 중장기국공채액티브,5,120,14,34,54,1.0,10.0,0.19,0.0,1.75,2.49
27,385550,KBSTAR 단기종합채권(AA-이상)액티브,5,120,14,34,54,1.0,10.0,0.19,0.0,2.84,0.35
27,467940,KODEX 25-11 회사채(A+이상)액티브,5,120,14,34,54,1.0,10.0,0.19,0.0,6.88,1.08
27,357870,TIGER CD금리투자KIS(합성),5,120,14,34,54,1.0,10.0,0.19,0.0,2.24,0.23
27,475630,TIGER CD1년금리액티브(합성),5,120,14,34,54,1.0,10.0,0.19,0.0,3.84,0.14
27,477080,KBSTAR CD금리액티브(합성),5,120,14,34,54,1.0,10.0,0.19,0.0,3.84,0.14
27,196230,KBSTAR 단기통안채,5,120,14,34,54,1.0,10.0,0.19,0.0,1.78,0.21
27,451540,TIGER 종합채권(AA-이상)액티브,5,120,14,34,54,1.0,10.0,0.19,0.0,5.14,4.07
27,272580,TIGER 단기채권액티브,5,120,14,34,54,1.0,10.0,0.19,0.0,1.91,0.22
27,153130,KODEX 단기채권,5,120,14,34,54,1.0,10.0,0.19,0.0,1.93,0.34
27,447820,TIGER 24-10 회사채(A+이상)액티브,5,120,14,34,54,1.0,10.0,0.19,0.0,6.36,1.2
27,453540,TIGER 25-10 회사채(A+이상)액티브,5,120,14,34,54,1.0,10.0,0.19,0.0,4.65,1.46
27,481050,KODEX 1년은행양도성예금증서+액티브(합성),5,120,14,34,54,1.0,10.0,0.19,0.0,3.95,0.15
27,214980,KODEX 단기채권PLUS,5,120,14,34,54,1.0,10.0,0.19,0.0,1.81,0.18
27,477050,ARIRANG 머니마켓액티브,5,120,14,34,54,1.0,10.0,0.19,0.0,4.1,0.22
27,455890,KBSTAR 머니마켓액티브,5,120,14,34,54,1.0,10.0,0.19,0.0,4.41,0.24
27,470260,TIGER 24-12 금융채(AA-이상),5,120,14,34,54,1.0,10.0,0.19,0.0,4.94,0.35
27,465680,KODEX 24-12 은행채(AA+이상)액티브,5,120,14,34,54,1.0,10.0,0.19,0.0,4.34,0.59
27,273130,KODEX 종합채권(AA-이상)액티브,5,120,14,34,54,1.0,10.0,0.19,0.0,1.74,3.05
27,449170,TIGER KOFR금리액티브(합성),5,120,14,34,54,1.0,10.0,0.19,0.0,3.65,0.15
27,423160,KODEX KOFR금리액티브(합성),5,120,14,34,54,1.0,10.0,0.19,0.0,3.32,0.13
27,480260,TIGER 27-04회사채(A+이상)액티브,5,120,14,34,54,1.0,10.0,0.19,0.0,9.38,1.19
27,459580,KODEX CD금리액티브(합성),5,120,14,34,54,1.0,10.0,0.19,0.0,3.81,0.15
27,469830,SOL 초단기채권액티브,5,120,14,34,54,1.0,10.0,0.19,0.0,4.6,0.21
27,476810,KODEX 25-11 은행채(AA-이상)PLUS액티브,5,120,14,34,54,1.0,10.0,0.19,0.0,5.99,0.85
27,278620,ARIRANG 단기채권액티브,5,120,14,34,54,1.0,10.0,0.19,0.0,1.94,0.42
27,272560,KBSTAR 단기국공채액티브,5,120,14,34,54,1.0,10.0,0.19,0.0,2.0,0.36
27,462540,SOL 25-09 회사채(AA-이상)액티브,5,120,14,34,54,1.0,10.0,0.19,0.0,5.7,1.01
27,451000,ARIRANG 종합채권(AA-이상)액티브,5,120,14,34,54,1.0,10.0,0.19,0.0,5.79,4.81
27,464230,히어로즈 24-09 회사채(AA-이상)액티브,5,120,14,34,54,1.0,10.0,0.19,0.0,4.18,0.38
27,454780,히어로즈 종합채권(AA-이상)액티브,5,120,14,34,54,1.0,10.0,0.19,0.0,4.98,4.32
27,190620,ACE 단기통안채,5,120,14,34,54,1.0,10.0,0.19,0.0,1.77,0.13
27,461270,ACE 26-06 회사채(AA-이상)액티브,5,120,14,34,54,1.0,10.0,0.19,0.0,6.29,1.4
27,438330,TIGER 투자등급회사채액티브,5,120,14,34,54,1.0,10.0,0.19,0.0,6.21,2.23
27,463290,1Q 단기금융채액티브,5,120,14,34,54,1.0,10.0,0.19,0.0,4.58,0.26
27,469820,SOL 24-12 회사채(AA-이상)액티브,5,120,14,34,54,1.0,10.0,0.19,0.0,5.13,0.34
27,464540,KBSTAR 25-03 회사채(AA-이상)액티브,5,120,14,34,54,1.0,10.0,0.19,0.0,4.95,0.55
27,473290,KODEX 26-12 회사채(AA-이상)액티브,5,120,14,34,54,1.0,10.0,0.19,0.0,6.18,1.28
27,448880,ACE 24-12 회사채(AA-이상)액티브,5,120,14,34,54,1.0,10.0,0.19,0.0,6.77,0.92
27,439860,KODEX ESG종합채권(A-이상)액티브,5,120,14,34,54,1.0,10.0,0.19,0.0,5.42,2.08
27,273140,KODEX 단기변동금리부채권액티브,5,120,14,34,54,1.0,10.0,0.19,0.0,1.87,0.25
27,479080,1Q 머니마켓액티브,5,120,14,34,54,1.0,10.0,0.19,0.0,4.64,0.18
27,476450,히어로즈 머니마켓액티브,5,120,14,34,54,1.0,10.0,0.19,0.0,4.26,0.32
27,282000,KBSTAR 국고채3년선물인버스,5,120,14,34,74,1.0,10.0,0.17,0.0,1.3,2.16
27,475270,ACE 5월만기자동연장회사채AA-이상액티브,5,120,14,34,74,1.0,10.0,0.17,0.0,4.37,0.5
27,465780,마이티 26-09 특수채(AAA)액티브,5,120,14,34,74,1.0,10.0,0.17,0.0,7.41,1.64
27,483230,KBSTAR 25-06 은행채(AA+이상)액티브,5,120,14,34,74,1.0,10.0,0.17,0.0,5.93,0.36
27,448600,KBSTAR 25-11 회사채(AA-이상)액티브,5,120,14,34,74,1.0,10.0,0.17,0.0,7.4,1.89
27,419890,히어로즈 단기채권ESG액티브,5,120,14,34,74,1.0,10.0,0.17,0.0,3.59,0.58
27,453010,ARIRANG KOFR금리,5,120,14,34,74,1.0,10.0,0.17,0.0,3.57,0.15
27,461260,ACE 25-06 회사채(AA-이상)액티브,5,120,14,34,74,1.0,10.0,0.17,0.0,5.26,0.97
27,130730,KOSEF 단기자금,5,120,14,34,74,1.0,10.0,0.17,0.0,2.2,0.45
27,484890,SOL 머니마켓액티브,5,120,14,34,74,1.0,10.0,0.17,0.0,4.14,0.12
27,468820,WOORI 25-09 회사채(AA-이상)액티브,5,120,14,34,74,1.0,10.0,0.17,0.0,8.41,0.74
27,470320,BNK 24-11 회사채(AA-이상)액티브,5,120,14,34,74,1.0,10.0,0.17,0.0,5.25,0.29
27,466400,1Q 25-08 회사채(A+이상)액티브,5,120,14,34,74,1.0,10.0,0.17,0.0,6.78,0.86
27,472920,HK 종합채권(AA-이상)액티브,5,120,14,34,74,1.0,10.0,0.17,0.0,8.83,3.31
27,458210,히어로즈 CD금리액티브(합성),5,120,14,34,74,1.0,10.0,0.17,0.0,3.67,0.26
27,475260,ACE 2월만기자동연장회사채AA-이상액티브,5,120,14,34,74,1.0,10.0,0.17,0.0,4.6,0.5
27,385550,KBSTAR 단기종합채권(AA-이상)액티브,5,120,14,34,74,1.0,10.0,0.17,0.0,2.84,0.35
27,136340,KBSTAR 중기우량회사채,5,120,14,34,74,1.0,10.0,0.17,0.0,2.91,1.36
27,464240,히어로즈 26-09 회사채(AA-이상)액티브,5,120,14,34,74,1.0,10.0,0.17,0.0,6.91,1.53
27,292770,KODEX 국채선물3년인버스,5,120,14,34,74,1.0,10.0,0.17,1.55,1.42,2.17
27,440640,ACE 단기채권알파액티브,5,120,14,34,74,1.0,10.0,0.17,0.0,3.81,0.34
27,397410,KBSTAR 국채선물5년추종인버스,5,120,14,34,74,1.0,10.0,0.17,0.0,4.11,4.48
27,480260,TIGER 27-04회사채(A+이상)액티브,5,120,14,34,74,1.0,10.0,0.17,0.0,9.38,1.19
27,432600,KBSTAR 국채선물3년,5,120,14,34,74,1.0,10.0,0.17,0.0,3.76,3.69
27,430500,KOSEF 물가채KIS,5,120,14,34,74,1.0,10.0,0.17,0.0,6.8,4.65
27,471290,HANARO CD금리액티브(합성),5,120,14,34,74,1.0,10.0,0.17,0.0,3.65,0.18
27,453060,HANARO KOFR금리액티브(합성),5,120,14,34,74,1.0,10.0,0.17,0.0,3.72,0.17
27,114470,KOSEF 국고채3년,5,120,14,34,74,1.0,10.0,0.17,3.3,2.86,1.75
27,272570,KBSTAR 중장기국공채액티브,5,120,14,34,74,1.0,10.0,0.17,3.26,1.75,2.88
27,239660,ARIRANG 우량회사채50 1년,5,120,14,34,74,1.0,10.0,0.17,0.0,1.89,0.52
27,438560,SOL 국고채3년,5,120,14,34,74,1.0,10.0,0.17,0.0,4.29,2.83
27,475280,ACE 8월만기자동연장회사채AA-이상액티브,5,120,14,34,74,1.0,10.0,0.17,0.0,4.02,0.51
27,363510,SOL KIS단기통안채,5,120,14,34,74,1.0,10.0,0.17,0.0,1.95,0.29
27,114100,KBSTAR 국고채3년,5,120,14,34,74,1.0,10.0,0.17,3.19,2.88,1.8
27,336160,KBSTAR 금융채액티브,5,120,14,34,74,1.0,10.0,0.17,0.0,1.94,2.03
27,272910,ACE 중장기국공채액티브,5,120,14,34,74,1.0,10.0,0.17,0.0,1.75,2.49
27,458030,WOORI 단기국공채액티브,5,120,14,34,74,1.0,10.0,0.17,0.0,3.98,0.24
27,122260,KOSEF 통안채1년,5,120,14,34,74,1.0,10.0,0.17,0.0,2.39,1.33
27,479520,KBSTAR KOFR금리액티브(합성),5,120,14,34,74,1.0,10.0,0.17,0.0,3.69,0.15
27,473440,ACE 11월만기자동연장회사채AA-이상액티브,5,120,14,34,74,1.0,10.0,0.17,0.0,4.59,1.79
27,484890,SOL 머니마켓액티브,5,120,14,34,79,1.0,10.0,0.17,0.0,4.14,0.12
27,462540,SOL 25-09 회사채(AA-이상)액티브,5,120,14,34,74,1.0,10.0,0.17,0.0,5.7,1.01
27,477080,KBSTAR CD금리액티브(합성),5,120,14,34,74,1.0,10.0,0.17,0.0,3.84,0.14
27,451540,TIGER 종합채권(AA-이상)액티브,5,120,14,34,74,1.0,10.0,0.17,0.0,5.14,4.07
27,272580,TIGER 단기채권액티브,5,120,14,34,74,1.0,10.0,0.17,0.0,1.91,0.22
27,153130,KODEX 단기채권,5,120,14,34,74,1.0,10.0,0.17,0.0,1.93,0.34
27,447820,TIGER 24-10 회사채(A+이상)액티브,5,120,14,34,74,1.0,10.0,0.17,0.0,6.36,1.2
27,476810,KODEX 25-11 은행채(AA-이상)PLUS액티브,5,120,14,34,74,1.0,10.0,0.17,0.0,5.99,0.85
27,453540,TIGER 25-10 회사채(A+이상)액티브,5,120,14,34,74,1.0,10.0,0.17,0.0,4.65,1.46
27,481050,KODEX 1년은행양도성예금증서+액티브(합성),5,120,14,34,74,1.0,10.0,0.17,0.0,3.95,0.15
27,475630,TIGER CD1년금리액티브(합성),5,120,14,34,74,1.0,10.0,0.17,0.0,3.84,0.14
27,214980,KODEX 단기채권PLUS,5,120,14,34,74,1.0,10.0,0.17,0.0,1.81,0.18
27,455890,KBSTAR 머니마켓액티브,5,120,14,34,74,1.0,10.0,0.17,0.0,4.41,0.24
27,470260,TIGER 24-12 금융채(AA-이상),5,120,14,34,74,1.0,10.0,0.17,0.0,4.94,0.35
27,465680,KODEX 24-12 은행채(AA+이상)액티브,5,120,14,34,74,1.0,10.0,0.17,0.0,4.34,0.59
27,273130,KODEX 종합채권(AA-이상)액티브,5,120,14,34,74,1.0,10.0,0.17,0.0,1.74,3.05
27,449170,TIGER KOFR금리액티브(합성),5,120,14,34,74,1.0,10.0,0.17,0.0,3.65,0.15
27,423160,KODEX KOFR금리액티브(합성),5,120,14,34,74,1.0,10.0,0.17,0.0,3.32,0.13
27,357870,TIGER CD금리투자KIS(합성),5,120,14,34,74,1.0,10.0,0.17,0.0,2.24,0.23
27,390950,HANARO 단기채권액티브,5,120,14,34,74,1.0,10.0,0.17,0.0,2.34,0.27
27,196230,KBSTAR 단기통안채,5,120,14,34,74,1.0,10.0,0.17,0.0,1.78,0.21
27,469830,SOL 초단기채권액티브,5,120,14,34,74,1.0,10.0,0.17,0.0,4.6,0.21
27,278620,ARIRANG 단기채권액티브,5,120,14,34,74,1.0,10.0,0.17,0.0,1.94,0.42
27,477050,ARIRANG 머니마켓액티브,5,120,14,34,74,1.0,10.0,0.17,0.0,4.1,0.22
27,464230,히어로즈 24-09 회사채(AA-이상)액티브,5,120,14,34,74,1.0,10.0,0.17,0.0,4.18,0.38
27,454780,히어로즈 종합채권(AA-이상)액티브,5,120,14,34,74,1.0,10.0,0.17,0.0,4.98,4.32
27,190620,ACE 단기통안채,5,120,14,34,74,1.0,10.0,0.17,0.0,1.77,0.13
27,461270,ACE 26-06 회사채(AA-이상)액티브,5,120,14,34,74,1.0,10.0,0.17,0.0,6.29,1.4
27,469820,SOL 24-12 회사채(AA-이상)액티브,5,120,14,34,74,1.0,10.0,0.17,0.0,5.13,0.34
27,438330,TIGER 투자등급회사채액티브,5,120,14,34,74,1.0,10.0,0.17,0.0,6.21,2.23
27,463290,1Q 단기금융채액티브,5,120,14,34,74,1.0,10.0,0.17,0.0,4.58,0.26
27,272560,KBSTAR 단기국공채액티브,5,120,14,34,74,1.0,10.0,0.17,0.0,2.0,0.36
27,464540,KBSTAR 25-03 회사채(AA-이상)액티브,5,120,14,34,74,1.0,10.0,0.17,0.0,4.95,0.55
27,473290,KODEX 26-12 회사채(AA-이상)액티브,5,120,14,34,74,1.0,10.0,0.17,0.0,6.18,1.28
27,448880,ACE 24-12 회사채(AA-이상)액티브,5,120,14,34,74,1.0,10.0,0.17,0.0,6.77,0.92
27,439860,KODEX ESG종합채권(A-이상)액티브,5,120,14,34,74,1.0,10.0,0.17,0.0,5.42,2.08
27,273140,KODEX 단기변동금리부채권액티브,5,120,14,34,74,1.0,10.0,0.17,0.0,1.87,0.25
27,479080,1Q 머니마켓액티브,5,120,14,34,74,1.0,10.0,0.17,0.0,4.64,0.18
27,476450,히어로즈 머니마켓액티브,5,120,14,34,74,1.0,10.0,0.17,0.0,4.26,0.32
27,451000,ARIRANG 종합채권(AA-이상)액티브,5,120,14,34,74,1.0,10.0,0.17,0.0,5.79,4.81
27,467940,KODEX 25-11 회사채(A+이상)액티브,5,120,14,34,74,1.0,10.0,0.17,0.0,6.88,1.08
27,298340,ARIRANG 국채선물3년,5,120,14,34,74,1.0,10.0,0.17,2.73,1.64,2.08
27,480260,TIGER 27-04회사채(A+이상)액티브,5,120,14,34,79,1.0,10.0,0.17,0.0,9.38,1.19
27,459580,KODEX CD금리액티브(합성),5,120,14,34,79,1.0,10.0,0.17,0.0,3.81,0.15
27,479520,KBSTAR KOFR금리액티브(합성),5,120,14,34,79,1.0,10.0,0.17,0.0,3.69,0.15
27,136340,KBSTAR 중기우량회사채,5,120,14,34,79,1.0,10.0,0.17,0.0,2.91,1.36
27,464240,히어로즈 26-09 회사채(AA-이상)액티브,5,120,14,34,79,1.0,10.0,0.17,0.0,6.91,1.53
27,475270,ACE 5월만기자동연장회사채AA-이상액티브,5,120,14,34,79,1.0,10.0,0.17,0.0,4.37,0.5
27,465780,마이티 26-09 특수채(AAA)액티브,5,120,14,34,79,1.0,10.0,0.17,0.0,7.41,1.64
27,483230,KBSTAR 25-06 은행채(AA+이상)액티브,5,120,14,34,79,1.0,10.0,0.17,0.0,5.93,0.36
27,448600,KBSTAR 25-11 회사채(AA-이상)액티브,5,120,14,34,79,1.0,10.0,0.17,0.0,7.4,1.89
27,419890,히어로즈 단기채권ESG액티브,5,120,14,34,79,1.0,10.0,0.17,0.0,3.59,0.58
27,453010,ARIRANG KOFR금리,5,120,14,34,79,1.0,10.0,0.17,0.0,3.57,0.15
27,461260,ACE 25-06 회사채(AA-이상)액티브,5,120,14,34,79,1.0,10.0,0.17,0.0,5.26,0.97
27,130730,KOSEF 단기자금,5,120,14,34,79,1.0,10.0,0.17,0.0,2.2,0.45
27,282000,KBSTAR 국고채3년선물인버스,5,120,14,34,79,1.0,10.0,0.17,0.0,1.3,2.16
27,468820,WOORI 25-09 회사채(AA-이상)액티브,5,120,14,34,79,1.0,10.0,0.17,0.0,8.41,0.74
27,470320,BNK 24-11 회사채(AA-이상)액티브,5,120,14,34,79,1.0,10.0,0.17,0.0,5.25,0.29
27,466400,1Q 25-08 회사채(A+이상)액티브,5,120,14,34,79,1.0,10.0,0.17,0.0,6.78,0.86
27,472920,HK 종합채권(AA-이상)액티브,5,120,14,34,79,1.0,10.0,0.17,0.0,8.83,3.31
27,458210,히어로즈 CD금리액티브(합성),5,120,14,34,79,1.0,10.0,0.17,0.0,3.67,0.26
27,475260,ACE 2월만기자동연장회사채AA-이상액티브,5,120,14,34,79,1.0,10.0,0.17,0.0,4.6,0.5
27,397410,KBSTAR 국채선물5년추종인버스,5,120,14,34,79,1.0,10.0,0.17,0.0,4.11,4.48
27,122260,KOSEF 통안채1년,5,120,14,34,79,1.0,10.0,0.17,0.0,2.39,1.33
27,473440,ACE 11월만기자동연장회사채AA-이상액티브,5,120,14,34,79,1.0,10.0,0.17,0.0,4.59,1.79
27,458030,WOORI 단기국공채액티브,5,120,14,34,79,1.0,10.0,0.17,0.0,3.98,0.24
27,357870,TIGER CD금리투자KIS(합성),5,120,14,34,79,1.0,10.0,0.17,0.0,2.24,0.23
27,390950,HANARO 단기채권액티브,5,120,14,34,79,1.0,10.0,0.17,0.0,2.34,0.27
27,298340,ARIRANG 국채선물3년,5,120,14,34,79,1.0,10.0,0.17,2.73,1.64,2.08
27,292770,KODEX 국채선물3년인버스,5,120,14,34,79,1.0,10.0,0.17,1.76,1.42,2.17
27,432600,KBSTAR 국채선물3년,5,120,14,34,79,1.0,10.0,0.17,0.0,3.76,3.69
27,430500,KOSEF 물가채KIS,5,120,14,34,79,1.0,10.0,0.17,0.0,6.8,4.65
27,471290,HANARO CD금리액티브(합성),5,120,14,34,79,1.0,10.0,0.17,0.0,3.65,0.18
27,453060,HANARO KOFR금리액티브(합성),5,120,14,34,79,1.0,10.0,0.17,0.0,3.72,0.17
27,114470,KOSEF 국고채3년,5,120,14,34,79,1.0,10.0,0.17,3.3,2.86,1.75
27,272570,KBSTAR 중장기국공채액티브,5,120,14,34,79,1.0,10.0,0.17,3.26,1.75,2.88
27,239660,ARIRANG 우량회사채50 1년,5,120,14,34,79,1.0,10.0,0.17,0.0,1.89,0.52
27,438560,SOL 국고채3년,5,120,14,34,79,1.0,10.0,0.17,0.0,4.29,2.83
27,475280,ACE 8월만기자동연장회사채AA-이상액티브,5,120,14,34,79,1.0,10.0,0.17,0.0,4.02,0.51
27,363510,SOL KIS단기통안채,5,120,14,34,79,1.0,10.0,0.17,0.0,1.95,0.29
27,114100,KBSTAR 국고채3년,5,120,14,34,79,1.0,10.0,0.17,3.19,2.88,1.8
27,336160,KBSTAR 금융채액티브,5,120,14,34,79,1.0,10.0,0.17,0.0,1.94,2.03
27,272910,ACE 중장기국공채액티브,5,120,14,34,79,1.0,10.0,0.17,0.0,1.75,2.49
27,385550,KBSTAR 단기종합채권(AA-이상)액티브,5,120,14,34,79,1.0,10.0,0.17,0.0,2.84,0.35
27,440640,ACE 단기채권알파액티브,5,120,14,34,79,1.0,10.0,0.17,0.0,3.81,0.34
27,459580,KODEX CD금리액티브(합성),5,120,14,34,74,1.0,10.0,0.17,0.0,3.81,0.15
27,477050,ARIRANG 머니마켓액티브,5,120,14,34,79,1.0,10.0,0.17,0.0,4.1,0.22
27,477080,KBSTAR CD금리액티브(합성),5,120,14,34,79,1.0,10.0,0.17,0.0,3.84,0.14
27,196230,KBSTAR 단기통안채,5,120,14,34,79,1.0,10.0,0.17,0.0,1.78,0.21
27,451540,TIGER 종합채권(AA-이상)액티브,5,120,14,34,79,1.0,10.0,0.17,0.0,5.14,4.07
27,272580,TIGER 단기채권액티브,5,120,14,34,79,1.0,10.0,0.17,0.0,1.91,0.22
27,153130,KODEX 단기채권,5,120,14,34,79,1.0,10.0,0.17,0.0,1.93,0.34
27,447820,TIGER 24-10 회사채(A+이상)액티브,5,120,14,34,79,1.0,10.0,0.17,0.0,6.36,1.2
27,476810,KODEX 25-11 은행채(AA-이상)PLUS액티브,5,120,14,34,79,1.0,10.0,0.17,0.0,5.99,0.85
27,453540,TIGER 25-10 회사채(A+이상)액티브,5,120,14,34,79,1.0,10.0,0.17,0.0,4.65,1.46
27,481050,KODEX 1년은행양도성예금증서+액티브(합성),5,120,14,34,79,1.0,10.0,0.17,0.0,3.95,0.15
27,475630,TIGER CD1년금리액티브(합성),5,120,14,34,79,1.0,10.0,0.17,0.0,3.84,0.14
27,214980,KODEX 단기채권PLUS,5,120,14,34,79,1.0,10.0,0.17,0.0,1.81,0.18
27,455890,KBSTAR 머니마켓액티브,5,120,14,34,79,1.0,10.0,0.17,0.0,4.41,0.24
27,470260,TIGER 24-12 금융채(AA-이상),5,120,14,34,79,1.0,10.0,0.17,0.0,4.94,0.35
27,465680,KODEX 24-12 은행채(AA+이상)액티브,5,120,14,34,79,1.0,10.0,0.17,0.0,4.34,0.59
27,273130,KODEX 종합채권(AA-이상)액티브,5,120,14,34,79,1.0,10.0,0.17,0.0,1.74,3.05
27,449170,TIGER KOFR금리액티브(합성),5,120,14,34,79,1.0,10.0,0.17,0.0,3.65,0.15
27,462540,SOL 25-09 회사채(AA-이상)액티브,5,120,14,34,79,1.0,10.0,0.17,0.0,5.7,1.01
27,469830,SOL 초단기채권액티브,5,120,14,34,79,1.0,10.0,0.17,0.0,4.6,0.21
27,423160,KODEX KOFR금리액티브(합성),5,120,14,34,79,1.0,10.0,0.17,0.0,3.32,0.13
27,467940,KODEX 25-11 회사채(A+이상)액티브,5,120,14,34,79,1.0,10.0,0.17,0.0,6.88,1.08
27,272560,KBSTAR 단기국공채액티브,5,120,14,34,79,1.0,10.0,0.17,0.0,2.0,0.36
27,451000,ARIRANG 종합채권(AA-이상)액티브,5,120,14,34,79,1.0,10.0,0.17,0.0,5.79,4.81
27,464230,히어로즈 24-09 회사채(AA-이상)액티브,5,120,14,34,79,1.0,10.0,0.17,0.0,4.18,0.38
27,454780,히어로즈 종합채권(AA-이상)액티브,5,120,14,34,79,1.0,10.0,0.17,0.0,4.98,4.32
27,190620,ACE 단기통안채,5,120,14,34,79,1.0,10.0,0.17,0.0,1.77,0.13
27,461270,ACE 26-06 회사채(AA-이상)액티브,5,120,14,34,79,1.0,10.0,0.17,0.0,6.29,1.4
27,469820,SOL 24-12 회사채(AA-이상)액티브,5,120,14,34,79,1.0,10.0,0.17,0.0,5.13,0.34
27,438330,TIGER 투자등급회사채액티브,5,120,14,34,79,1.0,10.0,0.17,0.0,6.21,2.23
27,463290,1Q 단기금융채액티브,5,120,14,34,79,1.0,10.0,0.17,0.0,4.58,0.26
27,278620,ARIRANG 단기채권액티브,5,120,14,34,79,1.0,10.0,0.17,0.0,1.94,0.42
27,464540,KBSTAR 25-03 회사채(AA-이상)액티브,5,120,14,34,79,1.0,10.0,0.17,0.0,4.95,0.55
27,448880,ACE 24-12 회사채(AA-이상)액티브,5,120,14,34,79,1.0,10.0,0.17,0.0,6.77,0.92
27,439860,KODEX ESG종합채권(A-이상)액티브,5,120,14,34,79,1.0,10.0,0.17,0.0,5.42,2.08
27,273140,KODEX 단기변동금리부채권액티브,5,120,14,34,79,1.0,10.0,0.17,0.0,1.87,0.25
27,479080,1Q 머니마켓액티브,5,120,14,34,79,1.0,10.0,0.17,0.0,4.64,0.18
27,476450,히어로즈 머니마켓액티브,5,120,14,34,79,1.0,10.0,0.17,0.0,4.26,0.32
27,473290,KODEX 26-12 회사채(AA-이상)액티브,5,120,14,34,79,1.0,10.0,0.17,0.0,6.18,1.28
27,461260,ACE 25-06 회사채(AA-이상)액티브,5,120,14,34,69,1.0,10.0,0.16,0.0,5.26,0.97
27,464240,히어로즈 26-09 회사채(AA-이상)액티브,5,120,14,34,69,1.0,10.0,0.16,0.0,6.91,1.53
27,475270,ACE 5월만기자동연장회사채AA-이상액티브,5,120,14,34,69,1.0,10.0,0.16,0.0,4.37,0.5
27,465780,마이티 26-09 특수채(AAA)액티브,5,120,14,34,69,1.0,10.0,0.16,0.0,7.41,1.64
27,483230,KBSTAR 25-06 은행채(AA+이상)액티브,5,120,14,34,69,1.0,10.0,0.16,0.0,5.93,0.36
27,448600,KBSTAR 25-11 회사채(AA-이상)액티브,5,120,14,34,69,1.0,10.0,0.16,0.0,7.4,1.89
27,419890,히어로즈 단기채권ESG액티브,5,120,14,34,69,1.0,10.0,0.16,0.0,3.59,0.58
27,385550,KBSTAR 단기종합채권(AA-이상)액티브,5,120,14,34,69,1.0,10.0,0.16,0.0,2.84,0.35
27,453010,ARIRANG KOFR금리,5,120,14,34,69,1.0,10.0,0.16,0.0,3.57,0.15
27,468820,WOORI 25-09 회사채(AA-이상)액티브,5,120,14,34,69,1.0,10.0,0.16,0.0,8.41,0.74
27,130730,KOSEF 단기자금,5,120,14,34,69,1.0,10.0,0.16,0.0,2.2,0.45
27,282000,KBSTAR 국고채3년선물인버스,5,120,14,34,69,1.0,10.0,0.16,0.0,1.3,2.16
27,470320,BNK 24-11 회사채(AA-이상)액티브,5,120,14,34,69,1.0,10.0,0.16,0.0,5.25,0.29
27,466400,1Q 25-08 회사채(A+이상)액티브,5,120,14,34,69,1.0,10.0,0.16,0.0,6.78,0.86
27,472920,HK 종합채권(AA-이상)액티브,5,120,14,34,69,1.0,10.0,0.16,0.0,8.83,3.31
27,458210,히어로즈 CD금리액티브(합성),5,120,14,34,69,1.0,10.0,0.16,0.0,3.67,0.26
27,475260,ACE 2월만기자동연장회사채AA-이상액티브,5,120,14,34,69,1.0,10.0,0.16,0.0,4.6,0.5
27,440640,ACE 단기채권알파액티브,5,120,14,34,69,1.0,10.0,0.16,0.0,3.81,0.34
27,136340,KBSTAR 중기우량회사채,5,120,14,34,69,1.0,10.0,0.16,0.0,2.91,1.36
27,475280,ACE 8월만기자동연장회사채AA-이상액티브,5,120,14,34,69,1.0,10.0,0.16,0.0,4.02,0.51
27,397410,KBSTAR 국채선물5년추종인버스,5,120,14,34,69,1.0,10.0,0.16,0.0,4.11,4.48
27,479520,KBSTAR KOFR금리액티브(합성),5,120,14,34,69,1.0,10.0,0.16,0.0,3.69,0.15
27,473440,ACE 11월만기자동연장회사채AA-이상액티브,5,120,14,34,69,1.0,10.0,0.16,0.0,4.59,1.79
27,298340,ARIRANG 국채선물3년,5,120,14,34,69,1.0,10.0,0.16,2.73,1.64,2.08
27,292770,KODEX 국채선물3년인버스,5,120,14,34,69,1.0,10.0,0.16,0.9,1.42,2.17
27,432600,KBSTAR 국채선물3년,5,120,14,34,69,1.0,10.0,0.16,0.0,3.76,3.69
27,430500,KOSEF 물가채KIS,5,120,14,34,69,1.0,10.0,0.16,0.0,6.8,4.65
27,471290,HANARO CD금리액티브(합성),5,120,14,34,69,1.0,10.0,0.16,0.0,3.65,0.18
27,453060,HANARO KOFR금리액티브(합성),5,120,14,34,69,1.0,10.0,0.16,0.0,3.72,0.17
27,114470,KOSEF 국고채3년,5,120,14,34,69,1.0,10.0,0.16,3.18,2.86,1.75
27,272570,KBSTAR 중장기국공채액티브,5,120,14,34,69,1.0,10.0,0.16,3.26,1.75,2.88
27,239660,ARIRANG 우량회사채50 1년,5,120,14,34,69,1.0,10.0,0.16,0.0,1.89,0.52
27,438560,SOL 국고채3년,5,120,14,34,69,1.0,10.0,0.16,0.0,4.29,2.83
27,363510,SOL KIS단기통안채,5,120,14,34,69,1.0,10.0,0.16,0.0,1.95,0.29
27,114100,KBSTAR 국고채3년,5,120,14,34,69,1.0,10.0,0.16,3.08,2.88,1.8
27,336160,KBSTAR 금융채액티브,5,120,14,34,69,1.0,10.0,0.16,0.0,1.94,2.03
27,272910,ACE 중장기국공채액티브,5,120,14,34,69,1.0,10.0,0.16,0.0,1.75,2.49
27,458030,WOORI 단기국공채액티브,5,120,14,34,69,1.0,10.0,0.16,0.0,3.98,0.24
27,122260,KOSEF 통안채1년,5,120,14,34,69,1.0,10.0,0.16,0.0,2.39,1.33
27,484890,SOL 머니마켓액티브,5,120,14,34,69,1.0,10.0,0.16,0.0,4.14,0.12
27,459580,KODEX CD금리액티브(합성),5,120,14,34,69,1.0,10.0,0.16,0.0,3.81,0.15
27,480260,TIGER 27-04회사채(A+이상)액티브,5,120,14,34,69,1.0,10.0,0.16,0.0,9.38,1.19
27,469830,SOL 초단기채권액티브,5,120,14,34,69,1.0,10.0,0.16,0.0,4.6,0.21
27,196230,KBSTAR 단기통안채,5,120,14,34,69,1.0,10.0,0.16,0.0,1.78,0.21
27,451540,TIGER 종합채권(AA-이상)액티브,5,120,14,34,69,1.0,10.0,0.16,0.0,5.14,4.07
27,272580,TIGER 단기채권액티브,5,120,14,34,69,1.0,10.0,0.16,0.0,1.91,0.22
27,153130,KODEX 단기채권,5,120,14,34,69,1.0,10.0,0.16,0.0,1.93,0.34
27,447820,TIGER 24-10 회사채(A+이상)액티브,5,120,14,34,69,1.0,10.0,0.16,0.0,6.36,1.2
27,476810,KODEX 25-11 은행채(AA-이상)PLUS액티브,5,120,14,34,69,1.0,10.0,0.16,0.0,5.99,0.85
27,453540,TIGER 25-10 회사채(A+이상)액티브,5,120,14,34,69,1.0,10.0,0.16,0.0,4.65,1.46
27,481050,KODEX 1년은행양도성예금증서+액티브(합성),5,120,14,34,69,1.0,10.0,0.16,0.0,3.95,0.15
27,475630,TIGER CD1년금리액티브(합성),5,120,14,34,69,1.0,10.0,0.16,0.0,3.84,0.14
27,214980,KODEX 단기채권PLUS,5,120,14,34,69,1.0,10.0,0.16,0.0,1.81,0.18
27,455890,KBSTAR 머니마켓액티브,5,120,14,34,69,1.0,10.0,0.16,0.0,4.41,0.24
27,470260,TIGER 24-12 금융채(AA-이상),5,120,14,34,69,1.0,10.0,0.16,0.0,4.94,0.35
27,465680,KODEX 24-12 은행채(AA+이상)액티브,5,120,14,34,69,1.0,10.0,0.16,0.0,4.34,0.59
27,273130,KODEX 종합채권(AA-이상)액티브,5,120,14,34,69,1.0,10.0,0.16,0.0,1.74,3.05
27,449170,TIGER KOFR금리액티브(합성),5,120,14,34,69,1.0,10.0,0.16,0.0,3.65,0.15
27,423160,KODEX KOFR금리액티브(합성),5,120,14,34,69,1.0,10.0,0.16,0.0,3.32,0.13
27,357870,TIGER CD금리투자KIS(합성),5,120,14,34,69,1.0,10.0,0.16,0.0,2.24,0.23
27,477080,KBSTAR CD금리액티브(합성),5,120,14,34,69,1.0,10.0,0.16,0.0,3.84,0.14
27,477050,ARIRANG 머니마켓액티브,5,120,14,34,69,1.0,10.0,0.16,0.0,4.1,0.22
27,462540,SOL 25-09 회사채(AA-이상)액티브,5,120,14,34,69,1.0,10.0,0.16,0.0,5.7,1.01
27,467940,KODEX 25-11 회사채(A+이상)액티브,5,120,14,34,69,1.0,10.0,0.16,0.0,6.88,1.08
27,278620,ARIRANG 단기채권액티브,5,120,14,34,69,1.0,10.0,0.16,0.0,1.94,0.42
27,464230,히어로즈 24-09 회사채(AA-이상)액티브,5,120,14,34,69,1.0,10.0,0.16,0.0,4.18,0.38
27,454780,히어로즈 종합채권(AA-이상)액티브,5,120,14,34,69,1.0,10.0,0.16,0.0,4.98,4.32
27,190620,ACE 단기통안채,5,120,14,34,69,1.0,10.0,0.16,0.0,1.77,0.13
27,461270,ACE 26-06 회사채(AA-이상)액티브,5,120,14,34,69,1.0,10.0,0.16,0.0,6.29,1.4
27,469820,SOL 24-12 회사채(AA-이상)액티브,5,120,14,34,69,1.0,10.0,0.16,0.0,5.13,0.34
27,438330,TIGER 투자등급회사채액티브,5,120,14,34,69,1.0,10.0,0.16,0.0,6.21,2.23
27,463290,1Q 단기금융채액티브,5,120,14,34,69,1.0,10.0,0.16,0.0,4.58,0.26
27,272560,KBSTAR 단기국공채액티브,5,120,14,34,69,1.0,10.0,0.16,0.0,2.0,0.36
27,464540,KBSTAR 25-03 회사채(AA-이상)액티브,5,120,14,34,69,1.0,10.0,0.16,0.0,4.95,0.55
27,473290,KODEX 26-12 회사채(AA-이상)액티브,5,120,14,34,69,1.0,10.0,0.16,0.0,6.18,1.28
27,448880,ACE 24-12 회사채(AA-이상)액티브,5,120,14,34,69,1.0,10.0,0.16,0.0,6.77,0.92
27,439860,KODEX ESG종합채권(A-이상)액티브,5,120,14,34,69,1.0,10.0,0.16,0.0,5.42,2.08
27,273140,KODEX 단기변동금리부채권액티브,5,120,14,34,69,1.0,10.0,0.16,0.0,1.87,0.25
27,479080,1Q 머니마켓액티브,5,120,14,34,69,1.0,10.0,0.16,0.0,4.64,0.18
27,476450,히어로즈 머니마켓액티브,5,120,14,34,69,1.0,10.0,0.16,0.0,4.26,0.32
27,451000,ARIRANG 종합채권(AA-이상)액티브,5,120,14,34,69,1.0,10.0,0.16,0.0,5.79,4.81
27,390950,HANARO 단기채권액티브,5,120,14,34,69,1.0,10.0,0.16,0.0,2.34,0.27
27,459580,KODEX CD금리액티브(합성),5,120,14,34,64,1.0,10.0,0.15,0.0,3.81,0.15
27,390950,HANARO 단기채권액티브,5,120,14,34,64,1.0,10.0,0.15,0.0,2.34,0.27
27,469830,SOL 초단기채권액티브,5,120,14,34,64,1.0,10.0,0.15,0.0,4.6,0.21
27,451000,ARIRANG 종합채권(AA-이상)액티브,5,120,14,34,64,1.0,10.0,0.15,0.0,5.79,4.81
27,476450,히어로즈 머니마켓액티브,5,120,14,34,64,1.0,10.0,0.15,0.0,4.26,0.32
27,479080,1Q 머니마켓액티브,5,120,14,34,64,1.0,10.0,0.15,0.0,4.64,0.18
27,273140,KODEX 단기변동금리부채권액티브,5,120,14,34,64,1.0,10.0,0.15,0.0,1.87,0.25
27,439860,KODEX ESG종합채권(A-이상)액티브,5,120,14,34,64,1.0,10.0,0.15,0.0,5.42,2.08
27,448880,ACE 24-12 회사채(AA-이상)액티브,5,120,14,34,64,1.0,10.0,0.15,0.0,6.77,0.92
27,473290,KODEX 26-12 회사채(AA-이상)액티브,5,120,14,34,64,1.0,10.0,0.15,0.0,6.18,1.28
27,464540,KBSTAR 25-03 회사채(AA-이상)액티브,5,120,14,34,64,1.0,10.0,0.15,0.0,4.95,0.55
27,272560,KBSTAR 단기국공채액티브,5,120,14,34,64,1.0,10.0,0.15,0.0,2.0,0.36
27,463290,1Q 단기금융채액티브,5,120,14,34,64,1.0,10.0,0.15,0.0,4.58,0.26
27,438330,TIGER 투자등급회사채액티브,5,120,14,34,64,1.0,10.0,0.15,0.0,6.21,2.23
27,469820,SOL 24-12 회사채(AA-이상)액티브,5,120,14,34,64,1.0,10.0,0.15,0.0,5.13,0.34
27,461270,ACE 26-06 회사채(AA-이상)액티브,5,120,14,34,64,1.0,10.0,0.15,0.0,6.29,1.4
27,190620,ACE 단기통안채,5,120,14,34,64,1.0,10.0,0.15,0.0,1.77,0.13
27,454780,히어로즈 종합채권(AA-이상)액티브,5,120,14,34,64,1.0,10.0,0.15,0.0,4.98,4.32
27,464230,히어로즈 24-09 회사채(AA-이상)액티브,5,120,14,34,64,1.0,10.0,0.15,0.0,4.18,0.38
27,278620,ARIRANG 단기채권액티브,5,120,14,34,64,1.0,10.0,0.15,0.0,1.94,0.42
27,467940,KODEX 25-11 회사채(A+이상)액티브,5,120,14,34,64,1.0,10.0,0.15,0.0,6.88,1.08
27,477080,KBSTAR CD금리액티브(합성),5,120,14,34,64,1.0,10.0,0.15,0.0,3.84,0.14
27,480260,TIGER 27-04회사채(A+이상)액티브,5,120,14,34,64,1.0,10.0,0.15,0.0,9.38,1.19
27,196230,KBSTAR 단기통안채,5,120,14,34,64,1.0,10.0,0.15,0.0,1.78,0.21
27,298340,ARIRANG 국채선물3년,5,120,14,34,64,1.0,10.0,0.15,2.4,1.64,2.08
27,357870,TIGER CD금리투자KIS(합성),5,120,14,34,64,1.0,10.0,0.15,0.0,2.24,0.23
27,423160,KODEX KOFR금리액티브(합성),5,120,14,34,64,1.0,10.0,0.15,0.0,3.32,0.13
27,449170,TIGER KOFR금리액티브(합성),5,120,14,34,64,1.0,10.0,0.15,0.0,3.65,0.15
27,273130,KODEX 종합채권(AA-이상)액티브,5,120,14,34,64,1.0,10.0,0.15,0.0,1.74,3.05
27,465680,KODEX 24-12 은행채(AA+이상)액티브,5,120,14,34,64,1.0,10.0,0.15,0.0,4.34,0.59
27,470260,TIGER 24-12 금융채(AA-이상),5,120,14,34,64,1.0,10.0,0.15,0.0,4.94,0.35
27,455890,KBSTAR 머니마켓액티브,5,120,14,34,64,1.0,10.0,0.15,0.0,4.41,0.24
27,214980,KODEX 단기채권PLUS,5,120,14,34,64,1.0,10.0,0.15,0.0,1.81,0.18
27,475630,TIGER CD1년금리액티브(합성),5,120,14,34,64,1.0,10.0,0.15,0.0,3.84,0.14
27,481050,KODEX 1년은행양도성예금증서+액티브(합성),5,120,14,34,64,1.0,10.0,0.15,0.0,3.95,0.15
27,453540,TIGER 25-10 회사채(A+이상)액티브,5,120,14,34,64,1.0,10.0,0.15,0.0,4.65,1.46
27,476810,KODEX 25-11 은행채(AA-이상)PLUS액티브,5,120,14,34,64,1.0,10.0,0.15,0.0,5.99,0.85
27,447820,TIGER 24-10 회사채(A+이상)액티브,5,120,14,34,64,1.0,10.0,0.15,0.0,6.36,1.2
27,153130,KODEX 단기채권,5,120,14,34,64,1.0,10.0,0.15,0.0,1.93,0.34
27,272580,TIGER 단기채권액티브,5,120,14,34,64,1.0,10.0,0.15,0.0,1.91,0.22
27,451540,TIGER 종합채권(AA-이상)액티브,5,120,14,34,64,1.0,10.0,0.15,0.0,5.14,4.07
27,462540,SOL 25-09 회사채(AA-이상)액티브,5,120,14,34,64,1.0,10.0,0.15,0.0,5.7,1.01
27,477050,ARIRANG 머니마켓액티브,5,120,14,34,64,1.0,10.0,0.15,0.0,4.1,0.22
27,473440,ACE 11월만기자동연장회사채AA-이상액티브,5,120,14,34,64,1.0,10.0,0.15,0.0,4.59,1.79
27,440640,ACE 단기채권알파액티브,5,120,14,34,64,1.0,10.0,0.15,0.0,3.81,0.34
27,479520,KBSTAR KOFR금리액티브(합성),5,120,14,34,64,1.0,10.0,0.15,0.0,3.69,0.15
27,122260,KOSEF 통안채1년,5,120,14,34,64,1.0,10.0,0.15,0.0,2.39,1.33
27,458030,WOORI 단기국공채액티브,5,120,14,34,64,1.0,10.0,0.15,0.0,3.98,0.24
27,272910,ACE 중장기국공채액티브,5,120,14,34,64,1.0,10.0,0.15,0.0,1.75,2.49
27,336160,KBSTAR 금융채액티브,5,120,14,34,64,1.0,10.0,0.15,0.0,1.94,2.03
27,114100,KBSTAR 국고채3년,5,120,14,34,64,1.0,10.0,0.15,2.94,2.88,1.8
27,475280,ACE 8월만기자동연장회사채AA-이상액티브,5,120,14,34,64,1.0,10.0,0.15,0.0,4.02,0.51
27,438560,SOL 국고채3년,5,120,14,34,64,1.0,10.0,0.15,0.0,4.29,2.83
27,239660,ARIRANG 우량회사채50 1년,5,120,14,34,64,1.0,10.0,0.15,0.0,1.89,0.52
27,272570,KBSTAR 중장기국공채액티브,5,120,14,34,64,1.0,10.0,0.15,3.06,1.75,2.88
27,114470,KOSEF 국고채3년,5,120,14,34,64,1.0,10.0,0.15,3.14,2.86,1.75
27,453060,HANARO KOFR금리액티브(합성),5,120,14,34,64,1.0,10.0,0.15,0.0,3.72,0.17
27,471290,HANARO CD금리액티브(합성),5,120,14,34,64,1.0,10.0,0.15,0.0,3.65,0.18
27,430500,KOSEF 물가채KIS,5,120,14,34,64,1.0,10.0,0.15,0.0,6.8,4.65
27,432600,KBSTAR 국채선물3년,5,120,14,34,64,1.0,10.0,0.15,0.0,3.76,3.69
27,484890,SOL 머니마켓액티브,5,120,14,34,64,1.0,10.0,0.15,0.0,4.14,0.12
27,292770,KODEX 국채선물3년인버스,5,120,14,34,64,1.0,10.0,0.15,0.9,1.42,2.17
27,397410,KBSTAR 국채선물5년추종인버스,5,120,14,34,64,1.0,10.0,0.15,0.0,4.11,4.48
27,363510,SOL KIS단기통안채,5,120,14,34,64,1.0,10.0,0.15,0.0,1.95,0.29
27,136340,KBSTAR 중기우량회사채,5,120,14,34,64,1.0,10.0,0.15,0.0,2.91,1.36
27,461260,ACE 25-06 회사채(AA-이상)액티브,5,120,14,34,64,1.0,10.0,0.15,0.0,5.26,0.97
27,385550,KBSTAR 단기종합채권(AA-이상)액티브,5,120,14,34,64,1.0,10.0,0.15,0.0,2.84,0.35
27,458210,히어로즈 CD금리액티브(합성),5,120,14,34,64,1.0,10.0,0.15,0.0,3.67,0.26
27,472920,HK 종합채권(AA-이상)액티브,5,120,14,34,64,1.0,10.0,0.15,0.0,8.83,3.31
27,466400,1Q 25-08 회사채(A+이상)액티브,5,120,14,34,64,1.0,10.0,0.15,0.0,6.78,0.86
27,470320,BNK 24-11 회사채(AA-이상)액티브,5,120,14,34,64,1.0,10.0,0.15,0.0,5.25,0.29
27,468820,WOORI 25-09 회사채(AA-이상)액티브,5,120,14,34,64,1.0,10.0,0.15,0.0,8.41,0.74
27,282000,KBSTAR 국고채3년선물인버스,5,120,14,34,64,1.0,10.0,0.15,0.0,1.3,2.16
27,130730,KOSEF 단기자금,5,120,14,34,64,1.0,10.0,0.15,0.0,2.2,0.45
27,475260,ACE 2월만기자동연장회사채AA-이상액티브,5,120,14,34,64,1.0,10.0,0.15,0.0,4.6,0.5
27,453010,ARIRANG KOFR금리,5,120,14,34,64,1.0,10.0,0.15,0.0,3.57,0.15
27,419890,히어로즈 단기채권ESG액티브,5,120,14,34,64,1.0,10.0,0.15,0.0,3.59,0.58
27,448600,KBSTAR 25-11 회사채(AA-이상)액티브,5,120,14,34,64,1.0,10.0,0.15,0.0,7.4,1.89
27,483230,KBSTAR 25-06 은행채(AA+이상)액티브,5,120,14,34,64,1.0,10.0,0.15,0.0,5.93,0.36
27,465780,마이티 26-09 특수채(AAA)액티브,5,120,14,34,64,1.0,10.0,0.15,0.0,7.41,1.64
27,475270,ACE 5월만기자동연장회사채AA-이상액티브,5,120,14,34,64,1.0,10.0,0.15,0.0,4.37,0.5
27,464240,히어로즈 26-09 회사채(AA-이상)액티브,5,120,14,34,64,1.0,10.0,0.15,0.0,6.91,1.53
27,272560,KBSTAR 단기국공채액티브,5,120,14,34,59,1.0,10.0,0.12,0.0,2.0,0.36
27,451000,ARIRANG 종합채권(AA-이상)액티브,5,120,14,34,59,1.0,10.0,0.12,0.0,5.79,4.81
27,476450,히어로즈 머니마켓액티브,5,120,14,34,59,1.0,10.0,0.12,0.0,4.26,0.32
27,479080,1Q 머니마켓액티브,5,120,14,34,59,1.0,10.0,0.12,0.0,4.64,0.18
27,273140,KODEX 단기변동금리부채권액티브,5,120,14,34,59,1.0,10.0,0.12,0.0,1.87,0.25
27,439860,KODEX ESG종합채권(A-이상)액티브,5,120,14,34,59,1.0,10.0,0.12,0.0,5.42,2.08
27,448880,ACE 24-12 회사채(AA-이상)액티브,5,120,14,34,59,1.0,10.0,0.12,0.0,6.77,0.92
27,473290,KODEX 26-12 회사채(AA-이상)액티브,5,120,14,34,59,1.0,10.0,0.12,0.0,6.18,1.28
27,464540,KBSTAR 25-03 회사채(AA-이상)액티브,5,120,14,34,59,1.0,10.0,0.12,0.0,4.95,0.55
27,461270,ACE 26-06 회사채(AA-이상)액티브,5,120,14,34,59,1.0,10.0,0.12,0.0,6.29,1.4
27,463290,1Q 단기금융채액티브,5,120,14,34,59,1.0,10.0,0.12,0.0,4.58,0.26
27,438330,TIGER 투자등급회사채액티브,5,120,14,34,59,1.0,10.0,0.12,0.0,6.21,2.23
27,469820,SOL 24-12 회사채(AA-이상)액티브,5,120,14,34,59,1.0,10.0,0.12,0.0,5.13,0.34
27,477050,ARIRANG 머니마켓액티브,5,120,14,34,59,1.0,10.0,0.12,0.0,4.1,0.22
27,190620,ACE 단기통안채,5,120,14,34,59,1.0,10.0,0.12,0.0,1.77,0.13
27,454780,히어로즈 종합채권(AA-이상)액티브,5,120,14,34,59,1.0,10.0,0.12,0.0,4.98,4.32
27,464230,히어로즈 24-09 회사채(AA-이상)액티브,5,120,14,34,59,1.0,10.0,0.12,0.0,4.18,0.38
27,462540,SOL 25-09 회사채(AA-이상)액티브,5,120,14,34,59,1.0,10.0,0.12,0.0,5.7,1.01
27,278620,ARIRANG 단기채권액티브,5,120,14,34,59,1.0,10.0,0.12,0.0,1.94,0.42
27,467940,KODEX 25-11 회사채(A+이상)액티브,5,120,14,34,59,1.0,10.0,0.12,0.0,6.88,1.08
27,459580,KODEX CD금리액티브(합성),5,120,14,34,59,1.0,10.0,0.12,0.0,3.81,0.15
27,469830,SOL 초단기채권액티브,5,120,14,34,59,1.0,10.0,0.12,0.0,4.6,0.21
27,477080,KBSTAR CD금리액티브(합성),5,120,14,34,59,1.0,10.0,0.12,0.0,3.84,0.14
27,473440,ACE 11월만기자동연장회사채AA-이상액티브,5,120,14,34,59,1.0,10.0,0.12,0.0,4.59,1.79
27,357870,TIGER CD금리투자KIS(합성),5,120,14,34,59,1.0,10.0,0.12,0.0,2.24,0.23
27,423160,KODEX KOFR금리액티브(합성),5,120,14,34,59,1.0,10.0,0.12,0.0,3.32,0.13
27,273130,KODEX 종합채권(AA-이상)액티브,5,120,14,34,59,1.0,10.0,0.12,0.0,1.74,3.05
27,465680,KODEX 24-12 은행채(AA+이상)액티브,5,120,14,34,59,1.0,10.0,0.12,0.0,4.34,0.59
27,470260,TIGER 24-12 금융채(AA-이상),5,120,14,34,59,1.0,10.0,0.12,0.0,4.94,0.35
27,455890,KBSTAR 머니마켓액티브,5,120,14,34,59,1.0,10.0,0.12,0.0,4.41,0.24
27,214980,KODEX 단기채권PLUS,5,120,14,34,59,1.0,10.0,0.12,0.0,1.81,0.18
27,475630,TIGER CD1년금리액티브(합성),5,120,14,34,59,1.0,10.0,0.12,0.0,3.84,0.14
27,481050,KODEX 1년은행양도성예금증서+액티브(합성),5,120,14,34,59,1.0,10.0,0.12,0.0,3.95,0.15
27,453540,TIGER 25-10 회사채(A+이상)액티브,5,120,14,34,59,1.0,10.0,0.12,0.0,4.65,1.46
27,476810,KODEX 25-11 은행채(AA-이상)PLUS액티브,5,120,14,34,59,1.0,10.0,0.12,0.0,5.99,0.85
27,447820,TIGER 24-10 회사채(A+이상)액티브,5,120,14,34,59,1.0,10.0,0.12,0.0,6.36,1.2
27,153130,KODEX 단기채권,5,120,14,34,59,1.0,10.0,0.12,0.0,1.93,0.34
27,272580,TIGER 단기채권액티브,5,120,14,34,59,1.0,10.0,0.12,0.0,1.91,0.22
27,451540,TIGER 종합채권(AA-이상)액티브,5,120,14,34,59,1.0,10.0,0.12,0.0,5.14,4.07
27,196230,KBSTAR 단기통안채,5,120,14,34,59,1.0,10.0,0.12,0.0,1.78,0.21
27,480260,TIGER 27-04회사채(A+이상)액티브,5,120,14,34,59,1.0,10.0,0.12,0.0,9.38,1.19
27,449170,TIGER KOFR금리액티브(합성),5,120,14,34,59,1.0,10.0,0.12,0.0,3.65,0.15
27,475280,ACE 8월만기자동연장회사채AA-이상액티브,5,120,14,34,59,1.0,10.0,0.12,0.0,4.02,0.51
27,397410,KBSTAR 국채선물5년추종인버스,5,120,14,34,59,1.0,10.0,0.12,0.0,4.11,4.48
27,122260,KOSEF 통안채1년,5,120,14,34,59,1.0,10.0,0.12,0.0,2.39,1.33
27,458030,WOORI 단기국공채액티브,5,120,14,34,59,1.0,10.0,0.12,0.0,3.98,0.24
27,272910,ACE 중장기국공채액티브,5,120,14,34,59,1.0,10.0,0.12,0.0,1.75,2.49
27,336160,KBSTAR 금융채액티브,5,120,14,34,59,1.0,10.0,0.12,0.0,1.94,2.03
27,114100,KBSTAR 국고채3년,5,120,14,34,59,1.0,10.0,0.12,2.32,2.88,1.8
27,363510,SOL KIS단기통안채,5,120,14,34,59,1.0,10.0,0.12,0.0,1.95,0.29
27,438560,SOL 국고채3년,5,120,14,34,59,1.0,10.0,0.12,0.0,4.29,2.83
27,239660,ARIRANG 우량회사채50 1년,5,120,14,34,59,1.0,10.0,0.12,0.0,1.89,0.52
27,272570,KBSTAR 중장기국공채액티브,5,120,14,34,59,1.0,10.0,0.12,2.99,1.75,2.88
27,114470,KOSEF 국고채3년,5,120,14,34,59,1.0,10.0,0.12,2.52,2.86,1.75
27,453060,HANARO KOFR금리액티브(합성),5,120,14,34,59,1.0,10.0,0.12,0.0,3.72,0.17
27,471290,HANARO CD금리액티브(합성),5,120,14,34,59,1.0,10.0,0.12,0.0,3.65,0.18
27,430500,KOSEF 물가채KIS,5,120,14,34,59,1.0,10.0,0.12,0.0,6.8,4.65
27,432600,KBSTAR 국채선물3년,5,120,14,34,59,1.0,10.0,0.12,0.0,3.76,3.69
27,292770,KODEX 국채선물3년인버스,5,120,14,34,59,1.0,10.0,0.12,0.27,1.42,2.17
27,298340,ARIRANG 국채선물3년,5,120,14,34,59,1.0,10.0,0.12,1.94,1.64,2.08
27,390950,HANARO 단기채권액티브,5,120,14,34,59,1.0,10.0,0.12,0.0,2.34,0.27
27,479520,KBSTAR KOFR금리액티브(합성),5,120,14,34,59,1.0,10.0,0.12,0.0,3.69,0.15
27,484890,SOL 머니마켓액티브,5,120,14,34,59,1.0,10.0,0.12,0.0,4.14,0.12
27,440640,ACE 단기채권알파액티브,5,120,14,34,59,1.0,10.0,0.12,0.0,3.81,0.34
27,130730,KOSEF 단기자금,5,120,14,34,59,1.0,10.0,0.12,0.0,2.2,0.45
27,385550,KBSTAR 단기종합채권(AA-이상)액티브,5,120,14,34,59,1.0,10.0,0.12,0.0,2.84,0.35
27,136340,KBSTAR 중기우량회사채,5,120,14,34,59,1.0,10.0,0.12,0.0,2.91,1.36
27,475260,ACE 2월만기자동연장회사채AA-이상액티브,5,120,14,34,59,1.0,10.0,0.12,0.0,4.6,0.5
27,458210,히어로즈 CD금리액티브(합성),5,120,14,34,59,1.0,10.0,0.12,0.0,3.67,0.26
27,472920,HK 종합채권(AA-이상)액티브,5,120,14,34,59,1.0,10.0,0.12,0.0,8.83,3.31
27,466400,1Q 25-08 회사채(A+이상)액티브,5,120,14,34,59,1.0,10.0,0.12,0.0,6.78,0.86
27,468820,WOORI 25-09 회사채(AA-이상)액티브,5,120,14,34,59,1.0,10.0,0.12,0.0,8.41,0.74
27,282000,KBSTAR 국고채3년선물인버스,5,120,14,34,59,1.0,10.0,0.12,0.0,1.3,2.16
27,470320,BNK 24-11 회사채(AA-이상)액티브,5,120,14,34,59,1.0,10.0,0.12,0.0,5.25,0.29
27,461260,ACE 25-06 회사채(AA-이상)액티브,5,120,14,34,59,1.0,10.0,0.12,0.0,5.26,0.97
27,483230,KBSTAR 25-06 은행채(AA+이상)액티브,5,120,14,34,59,1.0,10.0,0.12,0.0,5.93,0.36
27,464240,히어로즈 26-09 회사채(AA-이상)액티브,5,120,14,34,59,1.0,10.0,0.12,0.0,6.91,1.53
27,453010,ARIRANG KOFR금리,5,120,14,34,59,1.0,10.0,0.12,0.0,3.57,0.15
27,465780,마이티 26-09 특수채(AAA)액티브,5,120,14,34,59,1.0,10.0,0.12,0.0,7.41,1.64
27,475270,ACE 5월만기자동연장회사채AA-이상액티브,5,120,14,34,59,1.0,10.0,0.12,0.0,4.37,0.5
27,448600,KBSTAR 25-11 회사채(AA-이상)액티브,5,120,14,34,59,1.0,10.0,0.12,0.0,7.4,1.89
27,419890,히어로즈 단기채권ESG액티브,5,120,14,34,59,1.0,10.0,0.12,0.0,3.59,0.58
27,272560,KBSTAR 단기국공채액티브,5,120,14,29,54,1.0,10.0,0.1,0.0,2.0,0.36
27,476450,히어로즈 머니마켓액티브,5,120,14,29,54,1.0,10.0,0.1,0.0,4.26,0.32
27,479080,1Q 머니마켓액티브,5,120,14,29,54,1.0,10.0,0.1,0.0,4.64,0.18
27,273140,KODEX 단기변동금리부채권액티브,5,120,14,29,54,1.0,10.0,0.1,0.0,1.87,0.25
27,439860,KODEX ESG종합채권(A-이상)액티브,5,120,14,29,54,1.0,10.0,0.1,0.0,5.42,2.08
27,451000,ARIRANG 종합채권(AA-이상)액티브,5,120,14,29,54,1.0,10.0,0.1,0.0,5.79,4.81
27,448880,ACE 24-12 회사채(AA-이상)액티브,5,120,14,29,54,1.0,10.0,0.1,0.0,6.77,0.92
27,473290,KODEX 26-12 회사채(AA-이상)액티브,5,120,14,29,54,1.0,10.0,0.1,0.0,6.18,1.28
27,464540,KBSTAR 25-03 회사채(AA-이상)액티브,5,120,14,29,54,1.0,10.0,0.1,0.0,4.95,0.55
27,278620,ARIRANG 단기채권액티브,5,120,14,29,54,1.0,10.0,0.1,0.0,1.94,0.42
27,463290,1Q 단기금융채액티브,5,120,14,29,54,1.0,10.0,0.1,0.0,4.58,0.26
27,438330,TIGER 투자등급회사채액티브,5,120,14,29,54,1.0,10.0,0.1,0.0,6.21,2.23
27,469820,SOL 24-12 회사채(AA-이상)액티브,5,120,14,29,54,1.0,10.0,0.1,0.0,5.13,0.34
27,461270,ACE 26-06 회사채(AA-이상)액티브,5,120,14,29,54,1.0,10.0,0.1,0.0,6.29,1.4
27,190620,ACE 단기통안채,5,120,14,29,54,1.0,10.0,0.1,0.0,1.77,0.13
27,454780,히어로즈 종합채권(AA-이상)액티브,5,120,14,29,54,1.0,10.0,0.1,0.0,4.98,4.32
27,464230,히어로즈 24-09 회사채(AA-이상)액티브,5,120,14,29,54,1.0,10.0,0.1,0.0,4.18,0.38
27,467940,KODEX 25-11 회사채(A+이상)액티브,5,120,14,29,54,1.0,10.0,0.1,0.0,6.88,1.08
27,390950,HANARO 단기채권액티브,5,120,14,29,54,1.0,10.0,0.1,0.0,2.34,0.27
27,449170,TIGER KOFR금리액티브(합성),5,120,14,29,54,1.0,10.0,0.1,0.0,3.65,0.15
27,477050,ARIRANG 머니마켓액티브,5,120,14,29,54,1.0,10.0,0.1,0.0,4.1,0.22
27,469830,SOL 초단기채권액티브,5,120,14,29,54,1.0,10.0,0.1,0.0,4.6,0.21
27,480260,TIGER 27-04회사채(A+이상)액티브,5,120,14,29,54,1.0,10.0,0.1,0.0,9.38,1.19
27,423160,KODEX KOFR금리액티브(합성),5,120,14,29,54,1.0,10.0,0.1,0.0,3.32,0.13
27,357870,TIGER CD금리투자KIS(합성),5,120,14,29,54,1.0,10.0,0.1,0.0,2.24,0.23
27,459580,KODEX CD금리액티브(합성),5,120,14,29,54,1.0,10.0,0.1,0.0,3.81,0.15
27,470260,TIGER 24-12 금융채(AA-이상),5,120,14,29,54,1.0,10.0,0.1,0.0,4.94,0.35
27,455890,KBSTAR 머니마켓액티브,5,120,14,29,54,1.0,10.0,0.1,0.0,4.41,0.24
27,214980,KODEX 단기채권PLUS,5,120,14,29,54,1.0,10.0,0.1,0.0,1.81,0.18
27,475630,TIGER CD1년금리액티브(합성),5,120,14,29,54,1.0,10.0,0.1,0.0,3.84,0.14
27,481050,KODEX 1년은행양도성예금증서+액티브(합성),5,120,14,29,54,1.0,10.0,0.1,0.0,3.95,0.15
27,453540,TIGER 25-10 회사채(A+이상)액티브,5,120,14,29,54,1.0,10.0,0.1,0.0,4.65,1.46
27,476810,KODEX 25-11 은행채(AA-이상)PLUS액티브,5,120,14,29,54,1.0,10.0,0.1,0.0,5.99,0.85
27,447820,TIGER 24-10 회사채(A+이상)액티브,5,120,14,29,54,1.0,10.0,0.1,0.0,6.36,1.2
27,153130,KODEX 단기채권,5,120,14,29,54,1.0,10.0,0.1,0.0,1.93,0.34
27,272580,TIGER 단기채권액티브,5,120,14,29,54,1.0,10.0,0.1,0.0,1.91,0.22
27,451540,TIGER 종합채권(AA-이상)액티브,5,120,14,29,54,1.0,10.0,0.1,0.0,5.14,4.07
27,196230,KBSTAR 단기통안채,5,120,14,29,54,1.0,10.0,0.1,0.0,1.78,0.21
27,477080,KBSTAR CD금리액티브(합성),5,120,14,29,54,1.0,10.0,0.1,0.0,3.84,0.14
27,462540,SOL 25-09 회사채(AA-이상)액티브,5,120,14,29,54,1.0,10.0,0.1,0.0,5.7,1.01
27,464240,히어로즈 26-09 회사채(AA-이상)액티브,5,120,14,29,54,1.0,10.0,0.1,0.0,6.91,1.53
27,473440,ACE 11월만기자동연장회사채AA-이상액티브,5,120,14,29,54,1.0,10.0,0.1,0.0,4.59,1.79
27,397410,KBSTAR 국채선물5년추종인버스,5,120,14,29,54,1.0,10.0,0.1,0.0,4.11,4.48
27,122260,KOSEF 통안채1년,5,120,14,29,54,1.0,10.0,0.1,0.0,2.39,1.33
27,458030,WOORI 단기국공채액티브,5,120,14,29,54,1.0,10.0,0.1,0.0,3.98,0.24
27,272910,ACE 중장기국공채액티브,5,120,14,29,54,1.0,10.0,0.1,0.0,1.75,2.49
27,336160,KBSTAR 금융채액티브,5,120,14,29,54,1.0,10.0,0.1,0.0,1.94,2.03
27,114100,KBSTAR 국고채3년,5,120,14,29,54,1.0,10.0,0.1,0.0,2.88,1.8
27,363510,SOL KIS단기통안채,5,120,14,29,54,1.0,10.0,0.1,0.0,1.95,0.29
27,475280,ACE 8월만기자동연장회사채AA-이상액티브,5,120,14,29,54,1.0,10.0,0.1,0.0,4.02,0.51
27,438560,SOL 국고채3년,5,120,14,29,54,1.0,10.0,0.1,0.0,4.29,2.83
27,239660,ARIRANG 우량회사채50 1년,5,120,14,29,54,1.0,10.0,0.1,0.0,1.89,0.52
27,272570,KBSTAR 중장기국공채액티브,5,120,14,29,54,1.0,10.0,0.1,2.55,1.75,2.88
27,114470,KOSEF 국고채3년,5,120,14,29,54,1.0,10.0,0.1,0.0,2.86,1.75
27,453060,HANARO KOFR금리액티브(합성),5,120,14,29,54,1.0,10.0,0.1,0.0,3.72,0.17
27,471290,HANARO CD금리액티브(합성),5,120,14,29,54,1.0,10.0,0.1,0.0,3.65,0.18
27,430500,KOSEF 물가채KIS,5,120,14,29,54,1.0,10.0,0.1,0.0,6.8,4.65
27,432600,KBSTAR 국채선물3년,5,120,14,29,54,1.0,10.0,0.1,0.0,3.76,3.69
27,292770,KODEX 국채선물3년인버스,5,120,14,29,54,1.0,10.0,0.1,5.64,1.42,2.17
27,298340,ARIRANG 국채선물3년,5,120,14,29,54,1.0,10.0,0.1,0.0,1.64,2.08
27,479520,KBSTAR KOFR금리액티브(합성),5,120,14,29,54,1.0,10.0,0.1,0.0,3.69,0.15
27,440640,ACE 단기채권알파액티브,5,120,14,29,54,1.0,10.0,0.1,0.0,3.81,0.34
27,484890,SOL 머니마켓액티브,5,120,14,29,54,1.0,10.0,0.1,0.0,4.14,0.12
27,136340,KBSTAR 중기우량회사채,5,120,14,29,54,1.0,10.0,0.1,0.0,2.91,1.36
27,385550,KBSTAR 단기종합채권(AA-이상)액티브,5,120,14,29,54,1.0,10.0,0.1,0.0,2.84,0.35
27,475260,ACE 2월만기자동연장회사채AA-이상액티브,5,120,14,29,54,1.0,10.0,0.1,0.0,4.6,0.5
27,458210,히어로즈 CD금리액티브(합성),5,120,14,29,54,1.0,10.0,0.1,0.0,3.67,0.26
27,472920,HK 종합채권(AA-이상)액티브,5,120,14,29,54,1.0,10.0,0.1,0.0,8.83,3.31
27,466400,1Q 25-08 회사채(A+이상)액티브,5,120,14,29,54,1.0,10.0,0.1,0.0,6.78,0.86
27,470320,BNK 24-11 회사채(AA-이상)액티브,5,120,14,29,54,1.0,10.0,0.1,0.0,5.25,0.29
27,468820,WOORI 25-09 회사채(AA-이상)액티브,5,120,14,29,54,1.0,10.0,0.1,0.0,8.41,0.74
27,282000,KBSTAR 국고채3년선물인버스,5,120,14,29,54,1.0,10.0,0.1,0.0,1.3,2.16
27,130730,KOSEF 단기자금,5,120,14,29,54,1.0,10.0,0.1,0.0,2.2,0.45
27,461260,ACE 25-06 회사채(AA-이상)액티브,5,120,14,29,54,1.0,10.0,0.1,0.0,5.26,0.97
27,453010,ARIRANG KOFR금리,5,120,14,29,54,1.0,10.0,0.1,0.0,3.57,0.15
27,419890,히어로즈 단기채권ESG액티브,5,120,14,29,54,1.0,10.0,0.1,0.0,3.59,0.58
27,448600,KBSTAR 25-11 회사채(AA-이상)액티브,5,120,14,29,54,1.0,10.0,0.1,0.0,7.4,1.89
27,483230,KBSTAR 25-06 은행채(AA+이상)액티브,5,120,14,29,54,1.0,10.0,0.1,0.0,5.93,0.36
27,465780,마이티 26-09 특수채(AAA)액티브,5,120,14,29,54,1.0,10.0,0.1,0.0,7.41,1.64
27,475270,ACE 5월만기자동연장회사채AA-이상액티브,5,120,14,29,54,1.0,10.0,0.1,0.0,4.37,0.5
27,465680,KODEX 24-12 은행채(AA+이상)액티브,5,120,14,29,54,1.0,10.0,0.1,0.0,4.34,0.59
27,273130,KODEX 종합채권(AA-이상)액티브,5,120,14,29,54,1.0,10.0,0.1,0.0,1.74,3.05
27,470260,TIGER 24-12 금융채(AA-이상),5,120,14,29,79,1.0,10.0,0.06,0.0,4.94,0.35
27,465680,KODEX 24-12 은행채(AA+이상)액티브,5,120,14,29,79,1.0,10.0,0.06,0.0,4.34,0.59
27,469820,SOL 24-12 회사채(AA-이상)액티브,5,120,14,29,79,1.0,10.0,0.06,0.0,5.13,0.34
27,439860,KODEX ESG종합채권(A-이상)액티브,5,120,14,29,79,1.0,10.0,0.06,0.0,5.42,2.08
27,448880,ACE 24-12 회사채(AA-이상)액티브,5,120,14,29,79,1.0,10.0,0.06,0.0,6.77,0.92
27,473290,KODEX 26-12 회사채(AA-이상)액티브,5,120,14,29,79,1.0,10.0,0.06,0.0,6.18,1.28
27,464540,KBSTAR 25-03 회사채(AA-이상)액티브,5,120,14,29,79,1.0,10.0,0.06,0.0,4.95,0.55
27,272560,KBSTAR 단기국공채액티브,5,120,14,29,79,1.0,10.0,0.06,0.0,2.0,0.36
27,463290,1Q 단기금융채액티브,5,120,14,29,79,1.0,10.0,0.06,0.0,4.58,0.26
27,438330,TIGER 투자등급회사채액티브,5,120,14,29,79,1.0,10.0,0.06,0.0,6.21,2.23
27,461270,ACE 26-06 회사채(AA-이상)액티브,5,120,14,29,79,1.0,10.0,0.06,0.0,6.29,1.4
27,390950,HANARO 단기채권액티브,5,120,14,29,79,1.0,10.0,0.06,0.0,2.34,0.27
27,190620,ACE 단기통안채,5,120,14,29,79,1.0,10.0,0.06,0.0,1.77,0.13
27,454780,히어로즈 종합채권(AA-이상)액티브,5,120,14,29,79,1.0,10.0,0.06,0.0,4.98,4.32
27,464230,히어로즈 24-09 회사채(AA-이상)액티브,5,120,14,29,79,1.0,10.0,0.06,0.0,4.18,0.38
27,278620,ARIRANG 단기채권액티브,5,120,14,29,79,1.0,10.0,0.06,0.0,1.94,0.42
27,462540,SOL 25-09 회사채(AA-이상)액티브,5,120,14,29,79,1.0,10.0,0.06,0.0,5.7,1.01
27,480260,TIGER 27-04회사채(A+이상)액티브,5,120,14,29,79,1.0,10.0,0.06,0.0,9.38,1.19
27,473440,ACE 11월만기자동연장회사채AA-이상액티브,5,120,14,29,79,1.0,10.0,0.06,0.0,4.59,1.79
27,273140,KODEX 단기변동금리부채권액티브,5,120,14,29,79,1.0,10.0,0.06,0.0,1.87,0.25
27,479080,1Q 머니마켓액티브,5,120,14,29,79,1.0,10.0,0.06,0.0,4.64,0.18
27,476450,히어로즈 머니마켓액티브,5,120,14,29,79,1.0,10.0,0.06,0.0,4.26,0.32
27,451000,ARIRANG 종합채권(AA-이상)액티브,5,120,14,29,79,1.0,10.0,0.06,0.0,5.79,4.81
27,455890,KBSTAR 머니마켓액티브,5,120,14,29,79,1.0,10.0,0.06,0.0,4.41,0.24
27,214980,KODEX 단기채권PLUS,5,120,14,29,79,1.0,10.0,0.06,0.0,1.81,0.18
27,475630,TIGER CD1년금리액티브(합성),5,120,14,29,79,1.0,10.0,0.06,0.0,3.84,0.14
27,481050,KODEX 1년은행양도성예금증서+액티브(합성),5,120,14,29,79,1.0,10.0,0.06,0.0,3.95,0.15
27,453540,TIGER 25-10 회사채(A+이상)액티브,5,120,14,29,79,1.0,10.0,0.06,0.0,4.65,1.46
27,476810,KODEX 25-11 은행채(AA-이상)PLUS액티브,5,120,14,29,79,1.0,10.0,0.06,0.0,5.99,0.85
27,447820,TIGER 24-10 회사채(A+이상)액티브,5,120,14,29,79,1.0,10.0,0.06,0.0,6.36,1.2
27,153130,KODEX 단기채권,5,120,14,29,79,1.0,10.0,0.06,0.0,1.93,0.34
27,272580,TIGER 단기채권액티브,5,120,14,29,79,1.0,10.0,0.06,0.0,1.91,0.22
27,451540,TIGER 종합채권(AA-이상)액티브,5,120,14,29,79,1.0,10.0,0.06,0.0,5.14,4.07
27,196230,KBSTAR 단기통안채,5,120,14,29,79,1.0,10.0,0.06,0.0,1.78,0.21
27,477080,KBSTAR CD금리액티브(합성),5,120,14,29,79,1.0,10.0,0.06,0.0,3.84,0.14
27,469830,SOL 초단기채권액티브,5,120,14,29,79,1.0,10.0,0.06,0.0,4.6,0.21
27,477050,ARIRANG 머니마켓액티브,5,120,14,29,79,1.0,10.0,0.06,0.0,4.1,0.22
27,467940,KODEX 25-11 회사채(A+이상)액티브,5,120,14,29,79,1.0,10.0,0.06,0.0,6.88,1.08
27,484890,SOL 머니마켓액티브,5,120,14,29,79,1.0,10.0,0.06,0.0,4.14,0.12
27,385550,KBSTAR 단기종합채권(AA-이상)액티브,5,120,14,29,79,1.0,10.0,0.06,0.0,2.84,0.35
27,475260,ACE 2월만기자동연장회사채AA-이상액티브,5,120,14,29,79,1.0,10.0,0.06,0.0,4.6,0.5
27,479520,KBSTAR KOFR금리액티브(합성),5,120,14,29,79,1.0,10.0,0.06,0.0,3.69,0.15
27,458030,WOORI 단기국공채액티브,5,120,14,29,79,1.0,10.0,0.06,0.0,3.98,0.24
27,336160,KBSTAR 금융채액티브,5,120,14,29,79,1.0,10.0,0.06,0.0,1.94,2.03
27,114100,KBSTAR 국고채3년,5,120,14,29,79,1.0,10.0,0.06,0.0,2.88,1.8
27,363510,SOL KIS단기통안채,5,120,14,29,79,1.0,10.0,0.06,0.0,1.95,0.29
27,475280,ACE 8월만기자동연장회사채AA-이상액티브,5,120,14,29,79,1.0,10.0,0.06,0.0,4.02,0.51
27,438560,SOL 국고채3년,5,120,14,29,79,1.0,10.0,0.06,0.0,4.29,2.83
27,239660,ARIRANG 우량회사채50 1년,5,120,14,29,79,1.0,10.0,0.06,0.0,1.89,0.52
27,272570,KBSTAR 중장기국공채액티브,5,120,14,29,79,1.0,10.0,0.06,3.26,1.75,2.88
27,114470,KOSEF 국고채3년,5,120,14,29,79,1.0,10.0,0.06,0.0,2.86,1.75
27,453060,HANARO KOFR금리액티브(합성),5,120,14,29,79,1.0,10.0,0.06,0.0,3.72,0.17
27,471290,HANARO CD금리액티브(합성),5,120,14,29,79,1.0,10.0,0.06,0.0,3.65,0.18
27,430500,KOSEF 물가채KIS,5,120,14,29,79,1.0,10.0,0.06,0.0,6.8,4.65
27,432600,KBSTAR 국채선물3년,5,120,14,29,79,1.0,10.0,0.06,0.0,3.76,3.69
27,292770,KODEX 국채선물3년인버스,5,120,14,29,79,1.0,10.0,0.06,1.76,1.42,2.17
27,298340,ARIRANG 국채선물3년,5,120,14,29,79,1.0,10.0,0.06,0.0,1.64,2.08
27,122260,KOSEF 통안채1년,5,120,14,29,79,1.0,10.0,0.06,0.0,2.39,1.33
27,397410,KBSTAR 국채선물5년추종인버스,5,120,14,29,79,1.0,10.0,0.06,0.0,4.11,4.48
27,458210,히어로즈 CD금리액티브(합성),5,120,14,29,79,1.0,10.0,0.06,0.0,3.67,0.26
27,440640,ACE 단기채권알파액티브,5,120,14,29,79,1.0,10.0,0.06,0.0,3.81,0.34
27,472920,HK 종합채권(AA-이상)액티브,5,120,14,29,79,1.0,10.0,0.06,0.0,8.83,3.31
27,466400,1Q 25-08 회사채(A+이상)액티브,5,120,14,29,79,1.0,10.0,0.06,0.0,6.78,0.86
27,470320,BNK 24-11 회사채(AA-이상)액티브,5,120,14,29,79,1.0,10.0,0.06,0.0,5.25,0.29
27,468820,WOORI 25-09 회사채(AA-이상)액티브,5,120,14,29,79,1.0,10.0,0.06,0.0,8.41,0.74
27,282000,KBSTAR 국고채3년선물인버스,5,120,14,29,79,1.0,10.0,0.06,0.0,1.3,2.16
27,130730,KOSEF 단기자금,5,120,14,29,79,1.0,10.0,0.06,0.0,2.2,0.45
27,461260,ACE 25-06 회사채(AA-이상)액티브,5,120,14,29,79,1.0,10.0,0.06,0.0,5.26,0.97
27,453010,ARIRANG KOFR금리,5,120,14,29,79,1.0,10.0,0.06,0.0,3.57,0.15
27,419890,히어로즈 단기채권ESG액티브,5,120,14,29,79,1.0,10.0,0.06,0.0,3.59,0.58
27,448600,KBSTAR 25-11 회사채(AA-이상)액티브,5,120,14,29,79,1.0,10.0,0.06,0.0,7.4,1.89
27,483230,KBSTAR 25-06 은행채(AA+이상)액티브,5,120,14,29,79,1.0,10.0,0.06,0.0,5.93,0.36
27,465780,마이티 26-09 특수채(AAA)액티브,5,120,14,29,79,1.0,10.0,0.06,0.0,7.41,1.64
27,475270,ACE 5월만기자동연장회사채AA-이상액티브,5,120,14,29,79,1.0,10.0,0.06,0.0,4.37,0.5
27,464240,히어로즈 26-09 회사채(AA-이상)액티브,5,120,14,29,79,1.0,10.0,0.06,0.0,6.91,1.53
27,136340,KBSTAR 중기우량회사채,5,120,14,29,79,1.0,10.0,0.06,0.0,2.91,1.36
27,272910,ACE 중장기국공채액티브,5,120,14,29,79,1.0,10.0,0.06,0.0,1.75,2.49
27,449170,TIGER KOFR금리액티브(합성),5,120,14,29,79,1.0,10.0,0.06,0.0,3.65,0.15
27,470260,TIGER 24-12 금융채(AA-이상),5,120,14,29,74,1.0,10.0,0.06,0.0,4.94,0.35
27,438330,TIGER 투자등급회사채액티브,5,120,14,29,74,1.0,10.0,0.06,0.0,6.21,2.23
27,476450,히어로즈 머니마켓액티브,5,120,14,29,74,1.0,10.0,0.06,0.0,4.26,0.32
27,479080,1Q 머니마켓액티브,5,120,14,29,74,1.0,10.0,0.06,0.0,4.64,0.18
27,439860,KODEX ESG종합채권(A-이상)액티브,5,120,14,29,74,1.0,10.0,0.06,0.0,5.42,2.08
27,448880,ACE 24-12 회사채(AA-이상)액티브,5,120,14,29,74,1.0,10.0,0.06,0.0,6.77,0.92
27,473290,KODEX 26-12 회사채(AA-이상)액티브,5,120,14,29,74,1.0,10.0,0.06,0.0,6.18,1.28
27,464540,KBSTAR 25-03 회사채(AA-이상)액티브,5,120,14,29,74,1.0,10.0,0.06,0.0,4.95,0.55
27,272560,KBSTAR 단기국공채액티브,5,120,14,29,74,1.0,10.0,0.06,0.0,2.0,0.36
27,463290,1Q 단기금융채액티브,5,120,14,29,74,1.0,10.0,0.06,0.0,4.58,0.26
27,469820,SOL 24-12 회사채(AA-이상)액티브,5,120,14,29,74,1.0,10.0,0.06,0.0,5.13,0.34
27,467940,KODEX 25-11 회사채(A+이상)액티브,5,120,14,29,74,1.0,10.0,0.06,0.0,6.88,1.08
27,461270,ACE 26-06 회사채(AA-이상)액티브,5,120,14,29,74,1.0,10.0,0.06,0.0,6.29,1.4
27,190620,ACE 단기통안채,5,120,14,29,74,1.0,10.0,0.06,0.0,1.77,0.13
27,454780,히어로즈 종합채권(AA-이상)액티브,5,120,14,29,74,1.0,10.0,0.06,0.0,4.98,4.32
27,464230,히어로즈 24-09 회사채(AA-이상)액티브,5,120,14,29,74,1.0,10.0,0.06,0.0,4.18,0.38
27,278620,ARIRANG 단기채권액티브,5,120,14,29,74,1.0,10.0,0.06,0.0,1.94,0.42
27,462540,SOL 25-09 회사채(AA-이상)액티브,5,120,14,29,74,1.0,10.0,0.06,0.0,5.7,1.01
27,480260,TIGER 27-04회사채(A+이상)액티브,5,120,14,29,74,1.0,10.0,0.06,0.0,9.38,1.19
27,473440,ACE 11월만기자동연장회사채AA-이상액티브,5,120,14,29,74,1.0,10.0,0.06,0.0,4.59,1.79
27,451000,ARIRANG 종합채권(AA-이상)액티브,5,120,14,29,74,1.0,10.0,0.06,0.0,5.79,4.81
27,477050,ARIRANG 머니마켓액티브,5,120,14,29,74,1.0,10.0,0.06,0.0,4.1,0.22
27,385550,KBSTAR 단기종합채권(AA-이상)액티브,5,120,14,29,74,1.0,10.0,0.06,0.0,2.84,0.35
27,475630,TIGER CD1년금리액티브(합성),5,120,14,29,74,1.0,10.0,0.06,0.0,3.84,0.14
27,459580,KODEX CD금리액티브(합성),5,120,14,29,74,1.0,10.0,0.06,0.0,3.81,0.15
27,357870,TIGER CD금리투자KIS(합성),5,120,14,29,74,1.0,10.0,0.06,0.0,2.24,0.23
27,423160,KODEX KOFR금리액티브(합성),5,120,14,29,74,1.0,10.0,0.06,0.0,3.32,0.13
27,449170,TIGER KOFR금리액티브(합성),5,120,14,29,74,1.0,10.0,0.06,0.0,3.65,0.15
27,273130,KODEX 종합채권(AA-이상)액티브,5,120,14,29,74,1.0,10.0,0.06,0.0,1.74,3.05
27,465680,KODEX 24-12 은행채(AA+이상)액티브,5,120,14,29,74,1.0,10.0,0.06,0.0,4.34,0.59
27,455890,KBSTAR 머니마켓액티브,5,120,14,29,74,1.0,10.0,0.06,0.0,4.41,0.24
27,214980,KODEX 단기채권PLUS,5,120,14,29,74,1.0,10.0,0.06,0.0,1.81,0.18
27,481050,KODEX 1년은행양도성예금증서+액티브(합성),5,120,14,29,74,1.0,10.0,0.06,0.0,3.95,0.15
27,469830,SOL 초단기채권액티브,5,120,14,29,74,1.0,10.0,0.06,0.0,4.6,0.21
27,453540,TIGER 25-10 회사채(A+이상)액티브,5,120,14,29,74,1.0,10.0,0.06,0.0,4.65,1.46
27,476810,KODEX 25-11 은행채(AA-이상)PLUS액티브,5,120,14,29,74,1.0,10.0,0.06,0.0,5.99,0.85
27,447820,TIGER 24-10 회사채(A+이상)액티브,5,120,14,29,74,1.0,10.0,0.06,0.0,6.36,1.2
27,153130,KODEX 단기채권,5,120,14,29,74,1.0,10.0,0.06,0.0,1.93,0.34
27,272580,TIGER 단기채권액티브,5,120,14,29,74,1.0,10.0,0.06,0.0,1.91,0.22
27,451540,TIGER 종합채권(AA-이상)액티브,5,120,14,29,74,1.0,10.0,0.06,0.0,5.14,4.07
27,196230,KBSTAR 단기통안채,5,120,14,29,74,1.0,10.0,0.06,0.0,1.78,0.21
27,477080,KBSTAR CD금리액티브(합성),5,120,14,29,74,1.0,10.0,0.06,0.0,3.84,0.14
27,484890,SOL 머니마켓액티브,5,120,14,29,74,1.0,10.0,0.06,0.0,4.14,0.12
27,273140,KODEX 단기변동금리부채권액티브,5,120,14,29,74,1.0,10.0,0.06,0.0,1.87,0.25
27,475260,ACE 2월만기자동연장회사채AA-이상액티브,5,120,14,29,74,1.0,10.0,0.06,0.0,4.6,0.5
27,458030,WOORI 단기국공채액티브,5,120,14,29,74,1.0,10.0,0.06,0.0,3.98,0.24
27,336160,KBSTAR 금융채액티브,5,120,14,29,74,1.0,10.0,0.06,0.0,1.94,2.03
27,114100,KBSTAR 국고채3년,5,120,14,29,74,1.0,10.0,0.06,0.0,2.88,1.8
27,363510,SOL KIS단기통안채,5,120,14,29,74,1.0,10.0,0.06,0.0,1.95,0.29
27,475280,ACE 8월만기자동연장회사채AA-이상액티브,5,120,14,29,74,1.0,10.0,0.06,0.0,4.02,0.51
27,438560,SOL 국고채3년,5,120,14,29,74,1.0,10.0,0.06,0.0,4.29,2.83
27,239660,ARIRANG 우량회사채50 1년,5,120,14,29,74,1.0,10.0,0.06,0.0,1.89,0.52
27,272570,KBSTAR 중장기국공채액티브,5,120,14,29,74,1.0,10.0,0.06,3.26,1.75,2.88
27,114470,KOSEF 국고채3년,5,120,14,29,74,1.0,10.0,0.06,0.0,2.86,1.75
27,453060,HANARO KOFR금리액티브(합성),5,120,14,29,74,1.0,10.0,0.06,0.0,3.72,0.17
27,471290,HANARO CD금리액티브(합성),5,120,14,29,74,1.0,10.0,0.06,0.0,3.65,0.18
27,430500,KOSEF 물가채KIS,5,120,14,29,74,1.0,10.0,0.06,0.0,6.8,4.65
27,432600,KBSTAR 국채선물3년,5,120,14,29,74,1.0,10.0,0.06,0.0,3.76,3.69
27,292770,KODEX 국채선물3년인버스,5,120,14,29,74,1.0,10.0,0.06,1.55,1.42,2.17
27,298340,ARIRANG 국채선물3년,5,120,14,29,74,1.0,10.0,0.06,0.0,1.64,2.08
27,390950,HANARO 단기채권액티브,5,120,14,29,74,1.0,10.0,0.06,0.0,2.34,0.27
27,458210,히어로즈 CD금리액티브(합성),5,120,14,29,74,1.0,10.0,0.06,0.0,3.67,0.26
27,357870,TIGER CD금리투자KIS(합성),5,120,14,29,79,1.0,10.0,0.06,0.0,2.24,0.23
27,273130,KODEX 종합채권(AA-이상)액티브,5,120,14,29,79,1.0,10.0,0.06,0.0,1.74,3.05
27,423160,KODEX KOFR금리액티브(합성),5,120,14,29,79,1.0,10.0,0.06,0.0,3.32,0.13
27,272910,ACE 중장기국공채액티브,5,120,14,29,74,1.0,10.0,0.06,0.0,1.75,2.49
27,459580,KODEX CD금리액티브(합성),5,120,14,29,79,1.0,10.0,0.06,0.0,3.81,0.15
27,122260,KOSEF 통안채1년,5,120,14,29,74,1.0,10.0,0.06,0.0,2.39,1.33
27,419890,히어로즈 단기채권ESG액티브,5,120,14,29,74,1.0,10.0,0.06,0.0,3.59,0.58
27,479520,KBSTAR KOFR금리액티브(합성),5,120,14,29,74,1.0,10.0,0.06,0.0,3.69,0.15
27,472920,HK 종합채권(AA-이상)액티브,5,120,14,29,74,1.0,10.0,0.06,0.0,8.83,3.31
27,466400,1Q 25-08 회사채(A+이상)액티브,5,120,14,29,74,1.0,10.0,0.06,0.0,6.78,0.86
27,468820,WOORI 25-09 회사채(AA-이상)액티브,5,120,14,29,74,1.0,10.0,0.06,0.0,8.41,0.74
27,282000,KBSTAR 국고채3년선물인버스,5,120,14,29,74,1.0,10.0,0.06,0.0,1.3,2.16
27,130730,KOSEF 단기자금,5,120,14,29,74,1.0,10.0,0.06,0.0,2.2,0.45
27,461260,ACE 25-06 회사채(AA-이상)액티브,5,120,14,29,74,1.0,10.0,0.06,0.0,5.26,0.97
27,453010,ARIRANG KOFR금리,5,120,14,29,74,1.0,10.0,0.06,0.0,3.57,0.15
27,470320,BNK 24-11 회사채(AA-이상)액티브,5,120,14,29,74,1.0,10.0,0.06,0.0,5.25,0.29
27,448600,KBSTAR 25-11 회사채(AA-이상)액티브,5,120,14,29,74,1.0,10.0,0.06,0.0,7.4,1.89
27,465780,마이티 26-09 특수채(AAA)액티브,5,120,14,29,74,1.0,10.0,0.06,0.0,7.41,1.64
27,475270,ACE 5월만기자동연장회사채AA-이상액티브,5,120,14,29,74,1.0,10.0,0.06,0.0,4.37,0.5
27,464240,히어로즈 26-09 회사채(AA-이상)액티브,5,120,14,29,74,1.0,10.0,0.06,0.0,6.91,1.53
27,136340,KBSTAR 중기우량회사채,5,120,14,29,74,1.0,10.0,0.06,0.0,2.91,1.36
27,440640,ACE 단기채권알파액티브,5,120,14,29,74,1.0,10.0,0.06,0.0,3.81,0.34
27,483230,KBSTAR 25-06 은행채(AA+이상)액티브,5,120,14,29,74,1.0,10.0,0.06,0.0,5.93,0.36
27,397410,KBSTAR 국채선물5년추종인버스,5,120,14,29,74,1.0,10.0,0.06,0.0,4.11,4.48
27,190620,ACE 단기통안채,5,120,14,29,69,1.0,10.0,0.05,0.0,1.77,0.13
27,473290,KODEX 26-12 회사채(AA-이상)액티브,5,120,14,29,69,1.0,10.0,0.05,0.0,6.18,1.28
27,464540,KBSTAR 25-03 회사채(AA-이상)액티브,5,120,14,29,69,1.0,10.0,0.05,0.0,4.95,0.55
27,272560,KBSTAR 단기국공채액티브,5,120,14,29,69,1.0,10.0,0.05,0.0,2.0,0.36
27,463290,1Q 단기금융채액티브,5,120,14,29,69,1.0,10.0,0.05,0.0,4.58,0.26
27,438330,TIGER 투자등급회사채액티브,5,120,14,29,69,1.0,10.0,0.05,0.0,6.21,2.23
27,469820,SOL 24-12 회사채(AA-이상)액티브,5,120,14,29,69,1.0,10.0,0.05,0.0,5.13,0.34
27,461270,ACE 26-06 회사채(AA-이상)액티브,5,120,14,29,69,1.0,10.0,0.05,0.0,6.29,1.4
27,278620,ARIRANG 단기채권액티브,5,120,14,29,69,1.0,10.0,0.05,0.0,1.94,0.42
27,454780,히어로즈 종합채권(AA-이상)액티브,5,120,14,29,69,1.0,10.0,0.05,0.0,4.98,4.32
27,464230,히어로즈 24-09 회사채(AA-이상)액티브,5,120,14,29,69,1.0,10.0,0.05,0.0,4.18,0.38
27,462540,SOL 25-09 회사채(AA-이상)액티브,5,120,14,29,69,1.0,10.0,0.05,0.0,5.7,1.01
27,480260,TIGER 27-04회사채(A+이상)액티브,5,120,14,29,69,1.0,10.0,0.05,0.0,9.38,1.19
27,473440,ACE 11월만기자동연장회사채AA-이상액티브,5,120,14,29,69,1.0,10.0,0.05,0.0,4.59,1.79
27,385550,KBSTAR 단기종합채권(AA-이상)액티브,5,120,14,29,69,1.0,10.0,0.05,0.0,2.84,0.35
27,439860,KODEX ESG종합채권(A-이상)액티브,5,120,14,29,69,1.0,10.0,0.05,0.0,5.42,2.08
27,484890,SOL 머니마켓액티브,5,120,14,29,69,1.0,10.0,0.05,0.0,4.14,0.12
27,448880,ACE 24-12 회사채(AA-이상)액티브,5,120,14,29,69,1.0,10.0,0.05,0.0,6.77,0.92
27,451540,TIGER 종합채권(AA-이상)액티브,5,120,14,29,69,1.0,10.0,0.05,0.0,5.14,4.07
27,273140,KODEX 단기변동금리부채권액티브,5,120,14,29,69,1.0,10.0,0.05,0.0,1.87,0.25
27,153130,KODEX 단기채권,5,120,14,29,69,1.0,10.0,0.05,0.0,1.93,0.34
27,458210,히어로즈 CD금리액티브(합성),5,120,14,29,69,1.0,10.0,0.05,0.0,3.67,0.26
27,214980,KODEX 단기채권PLUS,5,120,14,29,69,1.0,10.0,0.05,0.0,1.81,0.18
27,475630,TIGER CD1년금리액티브(합성),5,120,14,29,69,1.0,10.0,0.05,0.0,3.84,0.14
27,481050,KODEX 1년은행양도성예금증서+액티브(합성),5,120,14,29,69,1.0,10.0,0.05,0.0,3.95,0.15
27,453540,TIGER 25-10 회사채(A+이상)액티브,5,120,14,29,69,1.0,10.0,0.05,0.0,4.65,1.46
27,476810,KODEX 25-11 은행채(AA-이상)PLUS액티브,5,120,14,29,69,1.0,10.0,0.05,0.0,5.99,0.85
27,447820,TIGER 24-10 회사채(A+이상)액티브,5,120,14,29,69,1.0,10.0,0.05,0.0,6.36,1.2
27,272580,TIGER 단기채권액티브,5,120,14,29,69,1.0,10.0,0.05,0.0,1.91,0.22
27,479080,1Q 머니마켓액티브,5,120,14,29,69,1.0,10.0,0.05,0.0,4.64,0.18
27,196230,KBSTAR 단기통안채,5,120,14,29,69,1.0,10.0,0.05,0.0,1.78,0.21
27,477080,KBSTAR CD금리액티브(합성),5,120,14,29,69,1.0,10.0,0.05,0.0,3.84,0.14
27,469830,SOL 초단기채권액티브,5,120,14,29,69,1.0,10.0,0.05,0.0,4.6,0.21
27,477050,ARIRANG 머니마켓액티브,5,120,14,29,69,1.0,10.0,0.05,0.0,4.1,0.22
27,467940,KODEX 25-11 회사채(A+이상)액티브,5,120,14,29,69,1.0,10.0,0.05,0.0,6.88,1.08
27,451000,ARIRANG 종합채권(AA-이상)액티브,5,120,14,29,69,1.0,10.0,0.05,0.0,5.79,4.81
27,476450,히어로즈 머니마켓액티브,5,120,14,29,69,1.0,10.0,0.05,0.0,4.26,0.32
27,475260,ACE 2월만기자동연장회사채AA-이상액티브,5,120,14,29,69,1.0,10.0,0.05,0.0,4.6,0.5
27,465680,KODEX 24-12 은행채(AA+이상)액티브,5,120,14,29,69,1.0,10.0,0.05,0.0,4.34,0.59
27,472920,HK 종합채권(AA-이상)액티브,5,120,14,29,69,1.0,10.0,0.05,0.0,8.83,3.31
27,114470,KOSEF 국고채3년,5,120,14,29,69,1.0,10.0,0.05,0.0,2.86,1.75
27,336160,KBSTAR 금융채액티브,5,120,14,29,69,1.0,10.0,0.05,0.0,1.94,2.03
27,114100,KBSTAR 국고채3년,5,120,14,29,69,1.0,10.0,0.05,0.0,2.88,1.8
27,363510,SOL KIS단기통안채,5,120,14,29,69,1.0,10.0,0.05,0.0,1.95,0.29
27,475280,ACE 8월만기자동연장회사채AA-이상액티브,5,120,14,29,69,1.0,10.0,0.05,0.0,4.02,0.51
27,438560,SOL 국고채3년,5,120,14,29,69,1.0,10.0,0.05,0.0,4.29,2.83
27,239660,ARIRANG 우량회사채50 1년,5,120,14,29,69,1.0,10.0,0.05,0.0,1.89,0.52
27,272570,KBSTAR 중장기국공채액티브,5,120,14,29,69,1.0,10.0,0.05,3.26,1.75,2.88
27,453060,HANARO KOFR금리액티브(합성),5,120,14,29,69,1.0,10.0,0.05,0.0,3.72,0.17
27,466400,1Q 25-08 회사채(A+이상)액티브,5,120,14,29,69,1.0,10.0,0.05,0.0,6.78,0.86
27,471290,HANARO CD금리액티브(합성),5,120,14,29,69,1.0,10.0,0.05,0.0,3.65,0.18
27,430500,KOSEF 물가채KIS,5,120,14,29,69,1.0,10.0,0.05,0.0,6.8,4.65
27,432600,KBSTAR 국채선물3년,5,120,14,29,69,1.0,10.0,0.05,0.0,3.76,3.69
27,292770,KODEX 국채선물3년인버스,5,120,14,29,69,1.0,10.0,0.05,0.9,1.42,2.17
27,298340,ARIRANG 국채선물3년,5,120,14,29,69,1.0,10.0,0.05,0.0,1.64,2.08
27,390950,HANARO 단기채권액티브,5,120,14,29,69,1.0,10.0,0.05,0.0,2.34,0.27
27,273130,KODEX 종합채권(AA-이상)액티브,5,120,14,29,69,1.0,10.0,0.05,0.0,1.74,3.05
27,272910,ACE 중장기국공채액티브,5,120,14,29,69,1.0,10.0,0.05,0.0,1.75,2.49
27,458030,WOORI 단기국공채액티브,5,120,14,29,69,1.0,10.0,0.05,0.0,3.98,0.24
27,122260,KOSEF 통안채1년,5,120,14,29,69,1.0,10.0,0.05,0.0,2.39,1.33
27,479520,KBSTAR KOFR금리액티브(합성),5,120,14,29,69,1.0,10.0,0.05,0.0,3.69,0.15
27,470320,BNK 24-11 회사채(AA-이상)액티브,5,120,14,29,69,1.0,10.0,0.05,0.0,5.25,0.29
27,468820,WOORI 25-09 회사채(AA-이상)액티브,5,120,14,29,69,1.0,10.0,0.05,0.0,8.41,0.74
27,282000,KBSTAR 국고채3년선물인버스,5,120,14,29,69,1.0,10.0,0.05,0.0,1.3,2.16
27,130730,KOSEF 단기자금,5,120,14,29,69,1.0,10.0,0.05,0.0,2.2,0.45
27,461260,ACE 25-06 회사채(AA-이상)액티브,5,120,14,29,69,1.0,10.0,0.05,0.0,5.26,0.97
27,453010,ARIRANG KOFR금리,5,120,14,29,69,1.0,10.0,0.05,0.0,3.57,0.15
27,419890,히어로즈 단기채권ESG액티브,5,120,14,29,69,1.0,10.0,0.05,0.0,3.59,0.58
27,448600,KBSTAR 25-11 회사채(AA-이상)액티브,5,120,14,29,69,1.0,10.0,0.05,0.0,7.4,1.89
27,483230,KBSTAR 25-06 은행채(AA+이상)액티브,5,120,14,29,69,1.0,10.0,0.05,0.0,5.93,0.36
27,465780,마이티 26-09 특수채(AAA)액티브,5,120,14,29,69,1.0,10.0,0.05,0.0,7.41,1.64
27,475270,ACE 5월만기자동연장회사채AA-이상액티브,5,120,14,29,69,1.0,10.0,0.05,0.0,4.37,0.5
27,464240,히어로즈 26-09 회사채(AA-이상)액티브,5,120,14,29,69,1.0,10.0,0.05,0.0,6.91,1.53
27,136340,KBSTAR 중기우량회사채,5,120,14,29,69,1.0,10.0,0.05,0.0,2.91,1.36
27,440640,ACE 단기채권알파액티브,5,120,14,29,69,1.0,10.0,0.05,0.0,3.81,0.34
27,397410,KBSTAR 국채선물5년추종인버스,5,120,14,29,69,1.0,10.0,0.05,0.0,4.11,4.48
27,455890,KBSTAR 머니마켓액티브,5,120,14,29,69,1.0,10.0,0.05,0.0,4.41,0.24
27,357870,TIGER CD금리투자KIS(합성),5,120,14,29,69,1.0,10.0,0.05,0.0,2.24,0.23
27,449170,TIGER KOFR금리액티브(합성),5,120,14,29,64,1.0,10.0,0.05,0.0,3.65,0.15
27,469820,SOL 24-12 회사채(AA-이상)액티브,5,120,14,29,64,1.0,10.0,0.05,0.0,5.13,0.34
27,273140,KODEX 단기변동금리부채권액티브,5,120,14,29,64,1.0,10.0,0.05,0.0,1.87,0.25
27,439860,KODEX ESG종합채권(A-이상)액티브,5,120,14,29,64,1.0,10.0,0.05,0.0,5.42,2.08
27,448880,ACE 24-12 회사채(AA-이상)액티브,5,120,14,29,64,1.0,10.0,0.05,0.0,6.77,0.92
27,473290,KODEX 26-12 회사채(AA-이상)액티브,5,120,14,29,64,1.0,10.0,0.05,0.0,6.18,1.28
27,464540,KBSTAR 25-03 회사채(AA-이상)액티브,5,120,14,29,64,1.0,10.0,0.05,0.0,4.95,0.55
27,272560,KBSTAR 단기국공채액티브,5,120,14,29,64,1.0,10.0,0.05,0.0,2.0,0.36
27,463290,1Q 단기금융채액티브,5,120,14,29,64,1.0,10.0,0.05,0.0,4.58,0.26
27,438330,TIGER 투자등급회사채액티브,5,120,14,29,64,1.0,10.0,0.05,0.0,6.21,2.23
27,461270,ACE 26-06 회사채(AA-이상)액티브,5,120,14,29,64,1.0,10.0,0.05,0.0,6.29,1.4
27,476450,히어로즈 머니마켓액티브,5,120,14,29,64,1.0,10.0,0.05,0.0,4.26,0.32
27,190620,ACE 단기통안채,5,120,14,29,64,1.0,10.0,0.05,0.0,1.77,0.13
27,454780,히어로즈 종합채권(AA-이상)액티브,5,120,14,29,64,1.0,10.0,0.05,0.0,4.98,4.32
27,464230,히어로즈 24-09 회사채(AA-이상)액티브,5,120,14,29,64,1.0,10.0,0.05,0.0,4.18,0.38
27,278620,ARIRANG 단기채권액티브,5,120,14,29,64,1.0,10.0,0.05,0.0,1.94,0.42
27,462540,SOL 25-09 회사채(AA-이상)액티브,5,120,14,29,64,1.0,10.0,0.05,0.0,5.7,1.01
27,480260,TIGER 27-04회사채(A+이상)액티브,5,120,14,29,64,1.0,10.0,0.05,0.0,9.38,1.19
27,473440,ACE 11월만기자동연장회사채AA-이상액티브,5,120,14,29,64,1.0,10.0,0.05,0.0,4.59,1.79
27,484890,SOL 머니마켓액티브,5,120,14,29,64,1.0,10.0,0.05,0.0,4.14,0.12
27,479080,1Q 머니마켓액티브,5,120,14,29,64,1.0,10.0,0.05,0.0,4.64,0.18
27,451000,ARIRANG 종합채권(AA-이상)액티브,5,120,14,29,64,1.0,10.0,0.05,0.0,5.79,4.81
27,465680,KODEX 24-12 은행채(AA+이상)액티브,5,120,14,29,64,1.0,10.0,0.05,0.0,4.34,0.59
27,453540,TIGER 25-10 회사채(A+이상)액티브,5,120,14,29,64,1.0,10.0,0.05,0.0,4.65,1.46
27,470260,TIGER 24-12 금융채(AA-이상),5,120,14,29,64,1.0,10.0,0.05,0.0,4.94,0.35
27,423160,KODEX KOFR금리액티브(합성),5,120,14,29,64,1.0,10.0,0.05,0.0,3.32,0.13
27,357870,TIGER CD금리투자KIS(합성),5,120,14,29,64,1.0,10.0,0.05,0.0,2.24,0.23
27,459580,KODEX CD금리액티브(합성),5,120,14,29,64,1.0,10.0,0.05,0.0,3.81,0.15
27,455890,KBSTAR 머니마켓액티브,5,120,14,29,64,1.0,10.0,0.05,0.0,4.41,0.24
27,214980,KODEX 단기채권PLUS,5,120,14,29,64,1.0,10.0,0.05,0.0,1.81,0.18
27,475630,TIGER CD1년금리액티브(합성),5,120,14,29,64,1.0,10.0,0.05,0.0,3.84,0.14
27,481050,KODEX 1년은행양도성예금증서+액티브(합성),5,120,14,29,64,1.0,10.0,0.05,0.0,3.95,0.15
27,476810,KODEX 25-11 은행채(AA-이상)PLUS액티브,5,120,14,29,64,1.0,10.0,0.05,0.0,5.99,0.85
27,467940,KODEX 25-11 회사채(A+이상)액티브,5,120,14,29,64,1.0,10.0,0.05,0.0,6.88,1.08
27,447820,TIGER 24-10 회사채(A+이상)액티브,5,120,14,29,64,1.0,10.0,0.05,0.0,6.36,1.2
27,153130,KODEX 단기채권,5,120,14,29,64,1.0,10.0,0.05,0.0,1.93,0.34
27,272580,TIGER 단기채권액티브,5,120,14,29,64,1.0,10.0,0.05,0.0,1.91,0.22
27,451540,TIGER 종합채권(AA-이상)액티브,5,120,14,29,64,1.0,10.0,0.05,0.0,5.14,4.07
27,196230,KBSTAR 단기통안채,5,120,14,29,64,1.0,10.0,0.05,0.0,1.78,0.21
27,477080,KBSTAR CD금리액티브(합성),5,120,14,29,64,1.0,10.0,0.05,0.0,3.84,0.14
27,469830,SOL 초단기채권액티브,5,120,14,29,64,1.0,10.0,0.05,0.0,4.6,0.21
27,477050,ARIRANG 머니마켓액티브,5,120,14,29,64,1.0,10.0,0.05,0.0,4.1,0.22
27,385550,KBSTAR 단기종합채권(AA-이상)액티브,5,120,14,29,64,1.0,10.0,0.05,0.0,2.84,0.35
27,475260,ACE 2월만기자동연장회사채AA-이상액티브,5,120,14,29,64,1.0,10.0,0.05,0.0,4.6,0.5
27,458210,히어로즈 CD금리액티브(합성),5,120,14,29,64,1.0,10.0,0.05,0.0,3.67,0.26
27,471290,HANARO CD금리액티브(합성),5,120,14,29,64,1.0,10.0,0.05,0.0,3.65,0.18
27,114100,KBSTAR 국고채3년,5,120,14,29,64,1.0,10.0,0.05,0.0,2.88,1.8
27,363510,SOL KIS단기통안채,5,120,14,29,64,1.0,10.0,0.05,0.0,1.95,0.29
27,475280,ACE 8월만기자동연장회사채AA-이상액티브,5,120,14,29,64,1.0,10.0,0.05,0.0,4.02,0.51
27,438560,SOL 국고채3년,5,120,14,29,64,1.0,10.0,0.05,0.0,4.29,2.83
27,239660,ARIRANG 우량회사채50 1년,5,120,14,29,64,1.0,10.0,0.05,0.0,1.89,0.52
27,272570,KBSTAR 중장기국공채액티브,5,120,14,29,64,1.0,10.0,0.05,3.06,1.75,2.88
27,114470,KOSEF 국고채3년,5,120,14,29,64,1.0,10.0,0.05,0.0,2.86,1.75
27,453060,HANARO KOFR금리액티브(합성),5,120,14,29,64,1.0,10.0,0.05,0.0,3.72,0.17
27,430500,KOSEF 물가채KIS,5,120,14,29,64,1.0,10.0,0.05,0.0,6.8,4.65
27,472920,HK 종합채권(AA-이상)액티브,5,120,14,29,64,1.0,10.0,0.05,0.0,8.83,3.31
27,432600,KBSTAR 국채선물3년,5,120,14,29,64,1.0,10.0,0.05,0.0,3.76,3.69
27,292770,KODEX 국채선물3년인버스,5,120,14,29,64,1.0,10.0,0.05,0.9,1.42,2.17
27,298340,ARIRANG 국채선물3년,5,120,14,29,64,1.0,10.0,0.05,0.0,1.64,2.08
27,390950,HANARO 단기채권액티브,5,120,14,29,64,1.0,10.0,0.05,0.0,2.34,0.27
27,459580,KODEX CD금리액티브(합성),5,120,14,29,69,1.0,10.0,0.05,0.0,3.81,0.15
27,470260,TIGER 24-12 금융채(AA-이상),5,120,14,29,69,1.0,10.0,0.05,0.0,4.94,0.35
27,423160,KODEX KOFR금리액티브(합성),5,120,14,29,69,1.0,10.0,0.05,0.0,3.32,0.13
27,449170,TIGER KOFR금리액티브(합성),5,120,14,29,69,1.0,10.0,0.05,0.0,3.65,0.15
27,336160,KBSTAR 금융채액티브,5,120,14,29,64,1.0,10.0,0.05,0.0,1.94,2.03
27,272910,ACE 중장기국공채액티브,5,120,14,29,64,1.0,10.0,0.05,0.0,1.75,2.49
27,458030,WOORI 단기국공채액티브,5,120,14,29,64,1.0,10.0,0.05,0.0,3.98,0.24
27,122260,KOSEF 통안채1년,5,120,14,29,64,1.0,10.0,0.05,0.0,2.39,1.33
27,466400,1Q 25-08 회사채(A+이상)액티브,5,120,14,29,64,1.0,10.0,0.05,0.0,6.78,0.86
27,470320,BNK 24-11 회사채(AA-이상)액티브,5,120,14,29,64,1.0,10.0,0.05,0.0,5.25,0.29
27,468820,WOORI 25-09 회사채(AA-이상)액티브,5,120,14,29,64,1.0,10.0,0.05,0.0,8.41,0.74
27,282000,KBSTAR 국고채3년선물인버스,5,120,14,29,64,1.0,10.0,0.05,0.0,1.3,2.16
27,130730,KOSEF 단기자금,5,120,14,29,64,1.0,10.0,0.05,0.0,2.2,0.45
27,461260,ACE 25-06 회사채(AA-이상)액티브,5,120,14,29,64,1.0,10.0,0.05,0.0,5.26,0.97
27,453010,ARIRANG KOFR금리,5,120,14,29,64,1.0,10.0,0.05,0.0,3.57,0.15
27,419890,히어로즈 단기채권ESG액티브,5,120,14,29,64,1.0,10.0,0.05,0.0,3.59,0.58
27,448600,KBSTAR 25-11 회사채(AA-이상)액티브,5,120,14,29,64,1.0,10.0,0.05,0.0,7.4,1.89
27,483230,KBSTAR 25-06 은행채(AA+이상)액티브,5,120,14,29,64,1.0,10.0,0.05,0.0,5.93,0.36
27,465780,마이티 26-09 특수채(AAA)액티브,5,120,14,29,64,1.0,10.0,0.05,0.0,7.41,1.64
27,475270,ACE 5월만기자동연장회사채AA-이상액티브,5,120,14,29,64,1.0,10.0,0.05,0.0,4.37,0.5
27,464240,히어로즈 26-09 회사채(AA-이상)액티브,5,120,14,29,64,1.0,10.0,0.05,0.0,6.91,1.53
27,136340,KBSTAR 중기우량회사채,5,120,14,29,64,1.0,10.0,0.05,0.0,2.91,1.36
27,440640,ACE 단기채권알파액티브,5,120,14,29,64,1.0,10.0,0.05,0.0,3.81,0.34
27,397410,KBSTAR 국채선물5년추종인버스,5,120,14,29,64,1.0,10.0,0.05,0.0,4.11,4.48
27,479520,KBSTAR KOFR금리액티브(합성),5,120,14,29,64,1.0,10.0,0.05,0.0,3.69,0.15
27,273130,KODEX 종합채권(AA-이상)액티브,5,120,14,29,64,1.0,10.0,0.05,0.0,1.74,3.05
27,465680,KODEX 24-12 은행채(AA+이상)액티브,5,120,14,29,59,1.0,10.0,0.04,0.0,4.34,0.59
27,273130,KODEX 종합채권(AA-이상)액티브,5,120,14,29,59,1.0,10.0,0.04,0.0,1.74,3.05
27,473440,ACE 11월만기자동연장회사채AA-이상액티브,5,120,14,29,59,1.0,10.0,0.04,0.0,4.59,1.79
27,476450,히어로즈 머니마켓액티브,5,120,14,29,59,1.0,10.0,0.04,0.0,4.26,0.32
27,479080,1Q 머니마켓액티브,5,120,14,29,59,1.0,10.0,0.04,0.0,4.64,0.18
27,273140,KODEX 단기변동금리부채권액티브,5,120,14,29,59,1.0,10.0,0.04,0.0,1.87,0.25
27,439860,KODEX ESG종합채권(A-이상)액티브,5,120,14,29,59,1.0,10.0,0.04,0.0,5.42,2.08
27,448880,ACE 24-12 회사채(AA-이상)액티브,5,120,14,29,59,1.0,10.0,0.04,0.0,6.77,0.92
27,473290,KODEX 26-12 회사채(AA-이상)액티브,5,120,14,29,59,1.0,10.0,0.04,0.0,6.18,1.28
27,464540,KBSTAR 25-03 회사채(AA-이상)액티브,5,120,14,29,59,1.0,10.0,0.04,0.0,4.95,0.55
27,272560,KBSTAR 단기국공채액티브,5,120,14,29,59,1.0,10.0,0.04,0.0,2.0,0.36
27,463290,1Q 단기금융채액티브,5,120,14,29,59,1.0,10.0,0.04,0.0,4.58,0.26
27,438330,TIGER 투자등급회사채액티브,5,120,14,29,59,1.0,10.0,0.04,0.0,6.21,2.23
27,469820,SOL 24-12 회사채(AA-이상)액티브,5,120,14,29,59,1.0,10.0,0.04,0.0,5.13,0.34
27,461270,ACE 26-06 회사채(AA-이상)액티브,5,120,14,29,59,1.0,10.0,0.04,0.0,6.29,1.4
27,190620,ACE 단기통안채,5,120,14,29,59,1.0,10.0,0.04,0.0,1.77,0.13
27,454780,히어로즈 종합채권(AA-이상)액티브,5,120,14,29,59,1.0,10.0,0.04,0.0,4.98,4.32
27,464230,히어로즈 24-09 회사채(AA-이상)액티브,5,120,14,29,59,1.0,10.0,0.04,0.0,4.18,0.38
27,278620,ARIRANG 단기채권액티브,5,120,14,29,59,1.0,10.0,0.04,0.0,1.94,0.42
27,462540,SOL 25-09 회사채(AA-이상)액티브,5,120,14,29,59,1.0,10.0,0.04,0.0,5.7,1.01
27,451000,ARIRANG 종합채권(AA-이상)액티브,5,120,14,29,59,1.0,10.0,0.04,0.0,5.79,4.81
27,467940,KODEX 25-11 회사채(A+이상)액티브,5,120,14,29,59,1.0,10.0,0.04,0.0,6.88,1.08
27,477050,ARIRANG 머니마켓액티브,5,120,14,29,59,1.0,10.0,0.04,0.0,4.1,0.22
27,481050,KODEX 1년은행양도성예금증서+액티브(합성),5,120,14,29,59,1.0,10.0,0.04,0.0,3.95,0.15
27,470260,TIGER 24-12 금융채(AA-이상),5,120,14,29,59,1.0,10.0,0.04,0.0,4.94,0.35
27,423160,KODEX KOFR금리액티브(합성),5,120,14,29,59,1.0,10.0,0.04,0.0,3.32,0.13
27,357870,TIGER CD금리투자KIS(합성),5,120,14,29,59,1.0,10.0,0.04,0.0,2.24,0.23
27,459580,KODEX CD금리액티브(합성),5,120,14,29,59,1.0,10.0,0.04,0.0,3.81,0.15
27,455890,KBSTAR 머니마켓액티브,5,120,14,29,59,1.0,10.0,0.04,0.0,4.41,0.24
27,214980,KODEX 단기채권PLUS,5,120,14,29,59,1.0,10.0,0.04,0.0,1.81,0.18
27,475630,TIGER CD1년금리액티브(합성),5,120,14,29,59,1.0,10.0,0.04,0.0,3.84,0.14
27,453540,TIGER 25-10 회사채(A+이상)액티브,5,120,14,29,59,1.0,10.0,0.04,0.0,4.65,1.46
27,469830,SOL 초단기채권액티브,5,120,14,29,59,1.0,10.0,0.04,0.0,4.6,0.21
27,476810,KODEX 25-11 은행채(AA-이상)PLUS액티브,5,120,14,29,59,1.0,10.0,0.04,0.0,5.99,0.85
27,447820,TIGER 24-10 회사채(A+이상)액티브,5,120,14,29,59,1.0,10.0,0.04,0.0,6.36,1.2
27,153130,KODEX 단기채권,5,120,14,29,59,1.0,10.0,0.04,0.0,1.93,0.34
27,272580,TIGER 단기채권액티브,5,120,14,29,59,1.0,10.0,0.04,0.0,1.91,0.22
27,451540,TIGER 종합채권(AA-이상)액티브,5,120,14,29,59,1.0,10.0,0.04,0.0,5.14,4.07
27,196230,KBSTAR 단기통안채,5,120,14,29,59,1.0,10.0,0.04,0.0,1.78,0.21
27,477080,KBSTAR CD금리액티브(합성),5,120,14,29,59,1.0,10.0,0.04,0.0,3.84,0.14
27,480260,TIGER 27-04회사채(A+이상)액티브,5,120,14,29,59,1.0,10.0,0.04,0.0,9.38,1.19
27,484890,SOL 머니마켓액티브,5,120,14,29,59,1.0,10.0,0.04,0.0,4.14,0.12
27,390950,HANARO 단기채권액티브,5,120,14,29,59,1.0,10.0,0.04,0.0,2.34,0.27
27,385550,KBSTAR 단기종합채권(AA-이상)액티브,5,120,14,29,59,1.0,10.0,0.04,0.0,2.84,0.35
27,122260,KOSEF 통안채1년,5,120,14,29,59,1.0,10.0,0.04,0.0,2.39,1.33
27,458030,WOORI 단기국공채액티브,5,120,14,29,59,1.0,10.0,0.04,0.0,3.98,0.24
27,272910,ACE 중장기국공채액티브,5,120,14,29,59,1.0,10.0,0.04,0.0,1.75,2.49
27,336160,KBSTAR 금융채액티브,5,120,14,29,59,1.0,10.0,0.04,0.0,1.94,2.03
27,114100,KBSTAR 국고채3년,5,120,14,29,59,1.0,10.0,0.04,0.0,2.88,1.8
27,363510,SOL KIS단기통안채,5,120,14,29,59,1.0,10.0,0.04,0.0,1.95,0.29
27,475280,ACE 8월만기자동연장회사채AA-이상액티브,5,120,14,29,59,1.0,10.0,0.04,0.0,4.02,0.51
27,438560,SOL 국고채3년,5,120,14,29,59,1.0,10.0,0.04,0.0,4.29,2.83
27,239660,ARIRANG 우량회사채50 1년,5,120,14,29,59,1.0,10.0,0.04,0.0,1.89,0.52
27,272570,KBSTAR 중장기국공채액티브,5,120,14,29,59,1.0,10.0,0.04,2.99,1.75,2.88
27,114470,KOSEF 국고채3년,5,120,14,29,59,1.0,10.0,0.04,0.0,2.86,1.75
27,453060,HANARO KOFR금리액티브(합성),5,120,14,29,59,1.0,10.0,0.04,0.0,3.72,0.17
27,471290,HANARO CD금리액티브(합성),5,120,14,29,59,1.0,10.0,0.04,0.0,3.65,0.18
27,430500,KOSEF 물가채KIS,5,120,14,29,59,1.0,10.0,0.04,0.0,6.8,4.65
27,432600,KBSTAR 국채선물3년,5,120,14,29,59,1.0,10.0,0.04,0.0,3.76,3.69
27,292770,KODEX 국채선물3년인버스,5,120,14,29,59,1.0,10.0,0.04,0.27,1.42,2.17
27,298340,ARIRANG 국채선물3년,5,120,14,29,59,1.0,10.0,0.04,0.0,1.64,2.08
27,479520,KBSTAR KOFR금리액티브(합성),5,120,14,29,59,1.0,10.0,0.04,0.0,3.69,0.15
27,397410,KBSTAR 국채선물5년추종인버스,5,120,14,29,59,1.0,10.0,0.04,0.0,4.11,4.48
27,440640,ACE 단기채권알파액티브,5,120,14,29,59,1.0,10.0,0.04,0.0,3.81,0.34
27,130730,KOSEF 단기자금,5,120,14,29,59,1.0,10.0,0.04,0.0,2.2,0.45
27,475260,ACE 2월만기자동연장회사채AA-이상액티브,5,120,14,29,59,1.0,10.0,0.04,0.0,4.6,0.5
27,458210,히어로즈 CD금리액티브(합성),5,120,14,29,59,1.0,10.0,0.04,0.0,3.67,0.26
27,472920,HK 종합채권(AA-이상)액티브,5,120,14,29,59,1.0,10.0,0.04,0.0,8.83,3.31
27,466400,1Q 25-08 회사채(A+이상)액티브,5,120,14,29,59,1.0,10.0,0.04,0.0,6.78,0.86
27,470320,BNK 24-11 회사채(AA-이상)액티브,5,120,14,29,59,1.0,10.0,0.04,0.0,5.25,0.29
27,468820,WOORI 25-09 회사채(AA-이상)액티브,5,120,14,29,59,1.0,10.0,0.04,0.0,8.41,0.74
27,282000,KBSTAR 국고채3년선물인버스,5,120,14,29,59,1.0,10.0,0.04,0.0,1.3,2.16
27,461260,ACE 25-06 회사채(AA-이상)액티브,5,120,14,29,59,1.0,10.0,0.04,0.0,5.26,0.97
27,136340,KBSTAR 중기우량회사채,5,120,14,29,59,1.0,10.0,0.04,0.0,2.91,1.36
27,453010,ARIRANG KOFR금리,5,120,14,29,59,1.0,10.0,0.04,0.0,3.57,0.15
27,419890,히어로즈 단기채권ESG액티브,5,120,14,29,59,1.0,10.0,0.04,0.0,3.59,0.58
27,448600,KBSTAR 25-11 회사채(AA-이상)액티브,5,120,14,29,59,1.0,10.0,0.04,0.0,7.4,1.89
27,483230,KBSTAR 25-06 은행채(AA+이상)액티브,5,120,14,29,59,1.0,10.0,0.04,0.0,5.93,0.36
27,465780,마이티 26-09 특수채(AAA)액티브,5,120,14,29,59,1.0,10.0,0.04,0.0,7.41,1.64
27,475270,ACE 5월만기자동연장회사채AA-이상액티브,5,120,14,29,59,1.0,10.0,0.04,0.0,4.37,0.5
27,464240,히어로즈 26-09 회사채(AA-이상)액티브,5,120,14,29,59,1.0,10.0,0.04,0.0,6.91,1.53
27,449170,TIGER KOFR금리액티브(합성),5,120,14,29,59,1.0,10.0,0.04,0.0,3.65,0.15
27,459580,KODEX CD금리액티브(합성),5,60,14,24,54,1.0,10.0,0.0,0.0,3.81,0.15
27,390950,HANARO 단기채권액티브,5,120,14,24,79,1.0,10.0,0.0,0.0,2.34,0.27
27,475630,TIGER CD1년금리액티브(합성),5,60,14,24,74,1.0,10.0,0.0,0.0,3.84,0.14
27,455890,KBSTAR 머니마켓액티브,5,60,14,24,74,1.0,10.0,0.0,0.0,4.41,0.24
27,470260,TIGER 24-12 금융채(AA-이상),5,60,14,24,74,1.0,10.0,0.0,0.0,4.94,0.35
27,465680,KODEX 24-12 은행채(AA+이상)액티브,5,60,14,24,74,1.0,10.0,0.0,0.0,4.34,0.59
27,273130,KODEX 종합채권(AA-이상)액티브,5,60,14,24,74,1.0,10.0,0.0,0.0,1.74,3.05
27,449170,TIGER KOFR금리액티브(합성),5,60,14,24,74,1.0,10.0,0.0,0.0,3.65,0.15
27,423160,KODEX KOFR금리액티브(합성),5,60,14,24,74,1.0,10.0,0.0,0.0,3.32,0.13
27,357870,TIGER CD금리투자KIS(합성),5,60,14,24,74,1.0,10.0,0.0,0.0,2.24,0.23
27,459580,KODEX CD금리액티브(합성),5,60,14,24,74,1.0,10.0,0.0,0.0,3.81,0.15
27,390950,HANARO 단기채권액티브,5,60,14,24,69,1.0,10.0,0.0,0.0,2.34,0.27
27,298340,ARIRANG 국채선물3년,5,60,14,24,69,1.0,10.0,0.0,0.0,1.64,2.08
27,292770,KODEX 국채선물3년인버스,5,60,14,24,69,1.0,10.0,0.0,0.0,1.42,2.17
27,432600,KBSTAR 국채선물3년,5,60,14,24,69,1.0,10.0,0.0,0.0,3.76,3.69
27,430500,KOSEF 물가채KIS,5,60,14,24,69,1.0,10.0,0.0,0.0,6.8,4.65
27,471290,HANARO CD금리액티브(합성),5,60,14,24,69,1.0,10.0,0.0,0.0,3.65,0.18
27,453060,HANARO KOFR금리액티브(합성),5,60,14,24,69,1.0,10.0,0.0,0.0,3.72,0.17
27,114470,KOSEF 국고채3년,5,60,14,24,69,1.0,10.0,0.0,0.0,2.86,1.75
27,272570,KBSTAR 중장기국공채액티브,5,60,14,24,69,1.0,10.0,0.0,0.0,1.75,2.88
27,239660,ARIRANG 우량회사채50 1년,5,60,14,24,69,1.0,10.0,0.0,0.0,1.89,0.52
27,438560,SOL 국고채3년,5,60,14,24,69,1.0,10.0,0.0,0.0,4.29,2.83
27,475280,ACE 8월만기자동연장회사채AA-이상액티브,5,60,14,24,69,1.0,10.0,0.0,0.0,4.02,0.51
27,363510,SOL KIS단기통안채,5,60,14,24,69,1.0,10.0,0.0,0.0,1.95,0.29
27,114100,KBSTAR 국고채3년,5,60,14,24,69,1.0,10.0,0.0,0.0,2.88,1.8
27,336160,KBSTAR 금융채액티브,5,60,14,24,69,1.0,10.0,0.0,0.0,1.94,2.03
27,272910,ACE 중장기국공채액티브,5,60,14,24,69,1.0,10.0,0.0,0.0,1.75,2.49
27,458030,WOORI 단기국공채액티브,5,60,14,24,69,1.0,10.0,0.0,0.0,3.98,0.24
27,122260,KOSEF 통안채1년,5,60,14,24,69,1.0,10.0,0.0,0.0,2.39,1.33
27,479520,KBSTAR KOFR금리액티브(합성),5,60,14,24,69,1.0,10.0,0.0,0.0,3.69,0.15
27,214980,KODEX 단기채권PLUS,5,60,14,24,74,1.0,10.0,0.0,0.0,1.81,0.18
27,481050,KODEX 1년은행양도성예금증서+액티브(합성),5,60,14,24,74,1.0,10.0,0.0,0.0,3.95,0.15
27,480260,TIGER 27-04회사채(A+이상)액티브,5,60,14,24,74,1.0,10.0,0.0,0.0,9.38,1.19
27,453540,TIGER 25-10 회사채(A+이상)액티브,5,60,14,24,74,1.0,10.0,0.0,0.0,4.65,1.46
27,278620,ARIRANG 단기채권액티브,5,60,14,24,74,1.0,10.0,0.0,0.0,1.94,0.42
27,464230,히어로즈 24-09 회사채(AA-이상)액티브,5,60,14,24,74,1.0,10.0,0.0,0.0,4.18,0.38
27,454780,히어로즈 종합채권(AA-이상)액티브,5,60,14,24,74,1.0,10.0,0.0,0.0,4.98,4.32
27,190620,ACE 단기통안채,5,60,14,24,74,1.0,10.0,0.0,0.0,1.77,0.13
27,461270,ACE 26-06 회사채(AA-이상)액티브,5,60,14,24,74,1.0,10.0,0.0,0.0,6.29,1.4
27,469820,SOL 24-12 회사채(AA-이상)액티브,5,60,14,24,74,1.0,10.0,0.0,0.0,5.13,0.34
27,438330,TIGER 투자등급회사채액티브,5,60,14,24,74,1.0,10.0,0.0,0.0,6.21,2.23
27,463290,1Q 단기금융채액티브,5,60,14,24,74,1.0,10.0,0.0,0.0,4.58,0.26
27,272560,KBSTAR 단기국공채액티브,5,60,14,24,74,1.0,10.0,0.0,0.0,2.0,0.36
27,464540,KBSTAR 25-03 회사채(AA-이상)액티브,5,60,14,24,74,1.0,10.0,0.0,0.0,4.95,0.55
27,473290,KODEX 26-12 회사채(AA-이상)액티브,5,60,14,24,74,1.0,10.0,0.0,0.0,6.18,1.28
27,448880,ACE 24-12 회사채(AA-이상)액티브,5,60,14,24,74,1.0,10.0,0.0,0.0,6.77,0.92
27,439860,KODEX ESG종합채권(A-이상)액티브,5,60,14,24,74,1.0,10.0,0.0,0.0,5.42,2.08
27,273140,KODEX 단기변동금리부채권액티브,5,60,14,24,74,1.0,10.0,0.0,0.0,1.87,0.25
27,479080,1Q 머니마켓액티브,5,60,14,24,74,1.0,10.0,0.0,0.0,4.64,0.18
27,476450,히어로즈 머니마켓액티브,5,60,14,24,74,1.0,10.0,0.0,0.0,4.26,0.32
27,451000,ARIRANG 종합채권(AA-이상)액티브,5,60,14,24,74,1.0,10.0,0.0,0.0,5.79,4.81
27,467940,KODEX 25-11 회사채(A+이상)액티브,5,60,14,24,74,1.0,10.0,0.0,0.0,6.88,1.08
27,477050,ARIRANG 머니마켓액티브,5,60,14,24,74,1.0,10.0,0.0,0.0,4.1,0.22
27,469830,SOL 초단기채권액티브,5,60,14,24,74,1.0,10.0,0.0,0.0,4.6,0.21
27,477080,KBSTAR CD금리액티브(합성),5,60,14,24,74,1.0,10.0,0.0,0.0,3.84,0.14
27,196230,KBSTAR 단기통안채,5,60,14,24,74,1.0,10.0,0.0,0.0,1.78,0.21
27,451540,TIGER 종합채권(AA-이상)액티브,5,60,14,24,74,1.0,10.0,0.0,0.0,5.14,4.07
27,272580,TIGER 단기채권액티브,5,60,14,24,74,1.0,10.0,0.0,0.0,1.91,0.22
27,153130,KODEX 단기채권,5,60,14,24,74,1.0,10.0,0.0,0.0,1.93,0.34
27,447820,TIGER 24-10 회사채(A+이상)액티브,5,60,14,24,74,1.0,10.0,0.0,0.0,6.36,1.2
27,476810,KODEX 25-11 은행채(AA-이상)PLUS액티브,5,60,14,24,74,1.0,10.0,0.0,0.0,5.99,0.85
27,397410,KBSTAR 국채선물5년추종인버스,5,60,14,24,69,1.0,10.0,0.0,0.0,4.11,4.48
27,440640,ACE 단기채권알파액티브,5,60,14,24,69,1.0,10.0,0.0,0.0,3.81,0.34
27,136340,KBSTAR 중기우량회사채,5,60,14,24,69,1.0,10.0,0.0,0.0,2.91,1.36
27,464240,히어로즈 26-09 회사채(AA-이상)액티브,5,60,14,24,69,1.0,10.0,0.0,0.0,6.91,1.53
27,473290,KODEX 26-12 회사채(AA-이상)액티브,5,60,14,24,69,1.0,10.0,0.0,0.0,6.18,1.28
27,448880,ACE 24-12 회사채(AA-이상)액티브,5,60,14,24,69,1.0,10.0,0.0,0.0,6.77,0.92
27,439860,KODEX ESG종합채권(A-이상)액티브,5,60,14,24,69,1.0,10.0,0.0,0.0,5.42,2.08
27,273140,KODEX 단기변동금리부채권액티브,5,60,14,24,69,1.0,10.0,0.0,0.0,1.87,0.25
27,479080,1Q 머니마켓액티브,5,60,14,24,69,1.0,10.0,0.0,0.0,4.64,0.18
27,476450,히어로즈 머니마켓액티브,5,60,14,24,69,1.0,10.0,0.0,0.0,4.26,0.32
27,451000,ARIRANG 종합채권(AA-이상)액티브,5,60,14,24,69,1.0,10.0,0.0,0.0,5.79,4.81
27,467940,KODEX 25-11 회사채(A+이상)액티브,5,60,14,24,69,1.0,10.0,0.0,0.0,6.88,1.08
27,477050,ARIRANG 머니마켓액티브,5,60,14,24,69,1.0,10.0,0.0,0.0,4.1,0.22
27,469830,SOL 초단기채권액티브,5,60,14,24,69,1.0,10.0,0.0,0.0,4.6,0.21
27,477080,KBSTAR CD금리액티브(합성),5,60,14,24,69,1.0,10.0,0.0,0.0,3.84,0.14
27,196230,KBSTAR 단기통안채,5,60,14,24,69,1.0,10.0,0.0,0.0,1.78,0.21
27,451540,TIGER 종합채권(AA-이상)액티브,5,60,14,24,69,1.0,10.0,0.0,0.0,5.14,4.07
27,272580,TIGER 단기채권액티브,5,60,14,24,69,1.0,10.0,0.0,0.0,1.91,0.22
27,153130,KODEX 단기채권,5,60,14,24,69,1.0,10.0,0.0,0.0,1.93,0.34
27,447820,TIGER 24-10 회사채(A+이상)액티브,5,60,14,24,69,1.0,10.0,0.0,0.0,6.36,1.2
27,476810,KODEX 25-11 은행채(AA-이상)PLUS액티브,5,60,14,24,69,1.0,10.0,0.0,0.0,5.99,0.85
27,453540,TIGER 25-10 회사채(A+이상)액티브,5,60,14,24,69,1.0,10.0,0.0,0.0,4.65,1.46
27,481050,KODEX 1년은행양도성예금증서+액티브(합성),5,60,14,24,69,1.0,10.0,0.0,0.0,3.95,0.15
27,475630,TIGER CD1년금리액티브(합성),5,60,14,24,69,1.0,10.0,0.0,0.0,3.84,0.14
27,214980,KODEX 단기채권PLUS,5,60,14,24,69,1.0,10.0,0.0,0.0,1.81,0.18
27,455890,KBSTAR 머니마켓액티브,5,60,14,24,69,1.0,10.0,0.0,0.0,4.41,0.24
27,470260,TIGER 24-12 금융채(AA-이상),5,60,14,24,69,1.0,10.0,0.0,0.0,4.94,0.35
27,465680,KODEX 24-12 은행채(AA+이상)액티브,5,60,14,24,69,1.0,10.0,0.0,0.0,4.34,0.59
27,273130,KODEX 종합채권(AA-이상)액티브,5,60,14,24,69,1.0,10.0,0.0,0.0,1.74,3.05
27,449170,TIGER KOFR금리액티브(합성),5,60,14,24,69,1.0,10.0,0.0,0.0,3.65,0.15
27,423160,KODEX KOFR금리액티브(합성),5,60,14,24,69,1.0,10.0,0.0,0.0,3.32,0.13
27,464540,KBSTAR 25-03 회사채(AA-이상)액티브,5,60,14,24,69,1.0,10.0,0.0,0.0,4.95,0.55
27,272560,KBSTAR 단기국공채액티브,5,60,14,24,69,1.0,10.0,0.0,0.0,2.0,0.36
27,463290,1Q 단기금융채액티브,5,60,14,24,69,1.0,10.0,0.0,0.0,4.58,0.26
27,472920,HK 종합채권(AA-이상)액티브,5,60,14,24,69,1.0,10.0,0.0,0.0,8.83,3.31
27,475270,ACE 5월만기자동연장회사채AA-이상액티브,5,60,14,24,69,1.0,10.0,0.0,0.0,4.37,0.5
27,465780,마이티 26-09 특수채(AAA)액티브,5,60,14,24,69,1.0,10.0,0.0,0.0,7.41,1.64
27,483230,KBSTAR 25-06 은행채(AA+이상)액티브,5,60,14,24,69,1.0,10.0,0.0,0.0,5.93,0.36
27,448600,KBSTAR 25-11 회사채(AA-이상)액티브,5,60,14,24,69,1.0,10.0,0.0,0.0,7.4,1.89
27,419890,히어로즈 단기채권ESG액티브,5,60,14,24,69,1.0,10.0,0.0,0.0,3.59,0.58
27,453010,ARIRANG KOFR금리,5,60,14,24,69,1.0,10.0,0.0,0.0,3.57,0.15
27,461260,ACE 25-06 회사채(AA-이상)액티브,5,60,14,24,69,1.0,10.0,0.0,0.0,5.26,0.97
27,130730,KOSEF 단기자금,5,60,14,24,69,1.0,10.0,0.0,0.0,2.2,0.45
27,282000,KBSTAR 국고채3년선물인버스,5,60,14,24,69,1.0,10.0,0.0,0.0,1.3,2.16
27,468820,WOORI 25-09 회사채(AA-이상)액티브,5,60,14,24,69,1.0,10.0,0.0,0.0,8.41,0.74
27,470320,BNK 24-11 회사채(AA-이상)액티브,5,60,14,24,69,1.0,10.0,0.0,0.0,5.25,0.29
27,466400,1Q 25-08 회사채(A+이상)액티브,5,60,14,24,69,1.0,10.0,0.0,0.0,6.78,0.86
27,458210,히어로즈 CD금리액티브(합성),5,60,14,24,69,1.0,10.0,0.0,0.0,3.67,0.26
27,438330,TIGER 투자등급회사채액티브,5,60,14,24,69,1.0,10.0,0.0,0.0,6.21,2.23
27,475260,ACE 2월만기자동연장회사채AA-이상액티브,5,60,14,24,69,1.0,10.0,0.0,0.0,4.6,0.5
27,385550,KBSTAR 단기종합채권(AA-이상)액티브,5,60,14,24,69,1.0,10.0,0.0,0.0,2.84,0.35
27,484890,SOL 머니마켓액티브,5,60,14,24,69,1.0,10.0,0.0,0.0,4.14,0.12
27,473440,ACE 11월만기자동연장회사채AA-이상액티브,5,60,14,24,69,1.0,10.0,0.0,0.0,4.59,1.79
27,480260,TIGER 27-04회사채(A+이상)액티브,5,60,14,24,69,1.0,10.0,0.0,0.0,9.38,1.19
27,462540,SOL 25-09 회사채(AA-이상)액티브,5,60,14,24,69,1.0,10.0,0.0,0.0,5.7,1.01
27,278620,ARIRANG 단기채권액티브,5,60,14,24,69,1.0,10.0,0.0,0.0,1.94,0.42
27,464230,히어로즈 24-09 회사채(AA-이상)액티브,5,60,14,24,69,1.0,10.0,0.0,0.0,4.18,0.38
27,454780,히어로즈 종합채권(AA-이상)액티브,5,60,14,24,69,1.0,10.0,0.0,0.0,4.98,4.32
27,190620,ACE 단기통안채,5,60,14,24,69,1.0,10.0,0.0,0.0,1.77,0.13
27,461270,ACE 26-06 회사채(AA-이상)액티브,5,60,14,24,69,1.0,10.0,0.0,0.0,6.29,1.4
27,469820,SOL 24-12 회사채(AA-이상)액티브,5,60,14,24,69,1.0,10.0,0.0,0.0,5.13,0.34
27,462540,SOL 25-09 회사채(AA-이상)액티브,5,60,14,24,74,1.0,10.0,0.0,0.0,5.7,1.01
27,473440,ACE 11월만기자동연장회사채AA-이상액티브,5,60,14,24,74,1.0,10.0,0.0,0.0,4.59,1.79
27,459580,KODEX CD금리액티브(합성),5,60,14,24,69,1.0,10.0,0.0,0.0,3.81,0.15
27,282000,KBSTAR 국고채3년선물인버스,5,60,14,24,79,1.0,10.0,0.0,0.0,1.3,2.16
27,470320,BNK 24-11 회사채(AA-이상)액티브,5,60,14,24,79,1.0,10.0,0.0,0.0,5.25,0.29
27,466400,1Q 25-08 회사채(A+이상)액티브,5,60,14,24,79,1.0,10.0,0.0,0.0,6.78,0.86
27,472920,HK 종합채권(AA-이상)액티브,5,60,14,24,79,1.0,10.0,0.0,0.0,8.83,3.31
27,458210,히어로즈 CD금리액티브(합성),5,60,14,24,79,1.0,10.0,0.0,0.0,3.67,0.26
27,475260,ACE 2월만기자동연장회사채AA-이상액티브,5,60,14,24,79,1.0,10.0,0.0,0.0,4.6,0.5
27,385550,KBSTAR 단기종합채권(AA-이상)액티브,5,60,14,24,79,1.0,10.0,0.0,0.0,2.84,0.35
27,484890,SOL 머니마켓액티브,5,60,14,24,79,1.0,10.0,0.0,0.0,4.14,0.12
27,473440,ACE 11월만기자동연장회사채AA-이상액티브,5,60,14,24,79,1.0,10.0,0.0,0.0,4.59,1.79
27,480260,TIGER 27-04회사채(A+이상)액티브,5,60,14,24,79,1.0,10.0,0.0,0.0,9.38,1.19
27,462540,SOL 25-09 회사채(AA-이상)액티브,5,60,14,24,79,1.0,10.0,0.0,0.0,5.7,1.01
27,278620,ARIRANG 단기채권액티브,5,60,14,24,79,1.0,10.0,0.0,0.0,1.94,0.42
27,464230,히어로즈 24-09 회사채(AA-이상)액티브,5,60,14,24,79,1.0,10.0,0.0,0.0,4.18,0.38
27,454780,히어로즈 종합채권(AA-이상)액티브,5,60,14,24,79,1.0,10.0,0.0,0.0,4.98,4.32
27,190620,ACE 단기통안채,5,60,14,24,79,1.0,10.0,0.0,0.0,1.77,0.13
27,461270,ACE 26-06 회사채(AA-이상)액티브,5,60,14,24,79,1.0,10.0,0.0,0.0,6.29,1.4
27,469820,SOL 24-12 회사채(AA-이상)액티브,5,60,14,24,79,1.0,10.0,0.0,0.0,5.13,0.34
27,438330,TIGER 투자등급회사채액티브,5,60,14,24,79,1.0,10.0,0.0,0.0,6.21,2.23
27,463290,1Q 단기금융채액티브,5,60,14,24,79,1.0,10.0,0.0,0.0,4.58,0.26
27,272560,KBSTAR 단기국공채액티브,5,60,14,24,79,1.0,10.0,0.0,0.0,2.0,0.36
27,464540,KBSTAR 25-03 회사채(AA-이상)액티브,5,60,14,24,79,1.0,10.0,0.0,0.0,4.95,0.55
27,473290,KODEX 26-12 회사채(AA-이상)액티브,5,60,14,24,79,1.0,10.0,0.0,0.0,6.18,1.28
27,448880,ACE 24-12 회사채(AA-이상)액티브,5,60,14,24,79,1.0,10.0,0.0,0.0,6.77,0.92
27,439860,KODEX ESG종합채권(A-이상)액티브,5,60,14,24,79,1.0,10.0,0.0,0.0,5.42,2.08
27,273140,KODEX 단기변동금리부채권액티브,5,60,14,24,79,1.0,10.0,0.0,0.0,1.87,0.25
27,479080,1Q 머니마켓액티브,5,60,14,24,79,1.0,10.0,0.0,0.0,4.64,0.18
27,476450,히어로즈 머니마켓액티브,5,60,14,24,79,1.0,10.0,0.0,0.0,4.26,0.32
27,451000,ARIRANG 종합채권(AA-이상)액티브,5,60,14,24,79,1.0,10.0,0.0,0.0,5.79,4.81
27,468820,WOORI 25-09 회사채(AA-이상)액티브,5,60,14,24,79,1.0,10.0,0.0,0.0,8.41,0.74
27,130730,KOSEF 단기자금,5,60,14,24,79,1.0,10.0,0.0,0.0,2.2,0.45
27,484890,SOL 머니마켓액티브,5,60,14,24,74,1.0,10.0,0.0,0.0,4.14,0.12
27,461260,ACE 25-06 회사채(AA-이상)액티브,5,60,14,24,79,1.0,10.0,0.0,0.0,5.26,0.97
27,292770,KODEX 국채선물3년인버스,5,60,14,24,79,1.0,10.0,0.0,0.0,1.42,2.17
27,432600,KBSTAR 국채선물3년,5,60,14,24,79,1.0,10.0,0.0,0.0,3.76,3.69
27,430500,KOSEF 물가채KIS,5,60,14,24,79,1.0,10.0,0.0,0.0,6.8,4.65
27,471290,HANARO CD금리액티브(합성),5,60,14,24,79,1.0,10.0,0.0,0.0,3.65,0.18
27,453060,HANARO KOFR금리액티브(합성),5,60,14,24,79,1.0,10.0,0.0,0.0,3.72,0.17
27,114470,KOSEF 국고채3년,5,60,14,24,79,1.0,10.0,0.0,0.0,2.86,1.75
27,272570,KBSTAR 중장기국공채액티브,5,60,14,24,79,1.0,10.0,0.0,0.0,1.75,2.88
27,239660,ARIRANG 우량회사채50 1년,5,60,14,24,79,1.0,10.0,0.0,0.0,1.89,0.52
27,438560,SOL 국고채3년,5,60,14,24,79,1.0,10.0,0.0,0.0,4.29,2.83
27,475280,ACE 8월만기자동연장회사채AA-이상액티브,5,60,14,24,79,1.0,10.0,0.0,0.0,4.02,0.51
27,363510,SOL KIS단기통안채,5,60,14,24,79,1.0,10.0,0.0,0.0,1.95,0.29
27,114100,KBSTAR 국고채3년,5,60,14,24,79,1.0,10.0,0.0,0.0,2.88,1.8
27,336160,KBSTAR 금융채액티브,5,60,14,24,79,1.0,10.0,0.0,0.0,1.94,2.03
27,272910,ACE 중장기국공채액티브,5,60,14,24,79,1.0,10.0,0.0,0.0,1.75,2.49
27,458030,WOORI 단기국공채액티브,5,60,14,24,79,1.0,10.0,0.0,0.0,3.98,0.24
27,122260,KOSEF 통안채1년,5,60,14,24,79,1.0,10.0,0.0,0.0,2.39,1.33
27,479520,KBSTAR KOFR금리액티브(합성),5,60,14,24,79,1.0,10.0,0.0,0.0,3.69,0.15
27,397410,KBSTAR 국채선물5년추종인버스,5,60,14,24,79,1.0,10.0,0.0,0.0,4.11,4.48
27,440640,ACE 단기채권알파액티브,5,60,14,24,79,1.0,10.0,0.0,0.0,3.81,0.34
27,136340,KBSTAR 중기우량회사채,5,60,14,24,79,1.0,10.0,0.0,0.0,2.91,1.36
27,464240,히어로즈 26-09 회사채(AA-이상)액티브,5,60,14,24,79,1.0,10.0,0.0,0.0,6.91,1.53
27,475270,ACE 5월만기자동연장회사채AA-이상액티브,5,60,14,24,79,1.0,10.0,0.0,0.0,4.37,0.5
27,465780,마이티 26-09 특수채(AAA)액티브,5,60,14,24,79,1.0,10.0,0.0,0.0,7.41,1.64
27,483230,KBSTAR 25-06 은행채(AA+이상)액티브,5,60,14,24,79,1.0,10.0,0.0,0.0,5.93,0.36
27,448600,KBSTAR 25-11 회사채(AA-이상)액티브,5,60,14,24,79,1.0,10.0,0.0,0.0,7.4,1.89
27,419890,히어로즈 단기채권ESG액티브,5,60,14,24,79,1.0,10.0,0.0,0.0,3.59,0.58
27,453010,ARIRANG KOFR금리,5,60,14,24,79,1.0,10.0,0.0,0.0,3.57,0.15
27,467940,KODEX 25-11 회사채(A+이상)액티브,5,60,14,24,79,1.0,10.0,0.0,0.0,6.88,1.08
27,477050,ARIRANG 머니마켓액티브,5,60,14,24,79,1.0,10.0,0.0,0.0,4.1,0.22
27,469830,SOL 초단기채권액티브,5,60,14,24,79,1.0,10.0,0.0,0.0,4.6,0.21
27,477080,KBSTAR CD금리액티브(합성),5,60,14,24,79,1.0,10.0,0.0,0.0,3.84,0.14
27,363510,SOL KIS단기통안채,5,60,14,24,74,1.0,10.0,0.0,0.0,1.95,0.29
27,114100,KBSTAR 국고채3년,5,60,14,24,74,1.0,10.0,0.0,0.0,2.88,1.8
27,336160,KBSTAR 금융채액티브,5,60,14,24,74,1.0,10.0,0.0,0.0,1.94,2.03
27,272910,ACE 중장기국공채액티브,5,60,14,24,74,1.0,10.0,0.0,0.0,1.75,2.49
27,458030,WOORI 단기국공채액티브,5,60,14,24,74,1.0,10.0,0.0,0.0,3.98,0.24
27,122260,KOSEF 통안채1년,5,60,14,24,74,1.0,10.0,0.0,0.0,2.39,1.33
27,479520,KBSTAR KOFR금리액티브(합성),5,60,14,24,74,1.0,10.0,0.0,0.0,3.69,0.15
27,397410,KBSTAR 국채선물5년추종인버스,5,60,14,24,74,1.0,10.0,0.0,0.0,4.11,4.48
27,440640,ACE 단기채권알파액티브,5,60,14,24,74,1.0,10.0,0.0,0.0,3.81,0.34
27,136340,KBSTAR 중기우량회사채,5,60,14,24,74,1.0,10.0,0.0,0.0,2.91,1.36
27,464240,히어로즈 26-09 회사채(AA-이상)액티브,5,60,14,24,74,1.0,10.0,0.0,0.0,6.91,1.53
27,475270,ACE 5월만기자동연장회사채AA-이상액티브,5,60,14,24,74,1.0,10.0,0.0,0.0,4.37,0.5
27,465780,마이티 26-09 특수채(AAA)액티브,5,60,14,24,74,1.0,10.0,0.0,0.0,7.41,1.64
27,483230,KBSTAR 25-06 은행채(AA+이상)액티브,5,60,14,24,74,1.0,10.0,0.0,0.0,5.93,0.36
27,448600,KBSTAR 25-11 회사채(AA-이상)액티브,5,60,14,24,74,1.0,10.0,0.0,0.0,7.4,1.89
27,419890,히어로즈 단기채권ESG액티브,5,60,14,24,74,1.0,10.0,0.0,0.0,3.59,0.58
27,453010,ARIRANG KOFR금리,5,60,14,24,74,1.0,10.0,0.0,0.0,3.57,0.15
27,461260,ACE 25-06 회사채(AA-이상)액티브,5,60,14,24,74,1.0,10.0,0.0,0.0,5.26,0.97
27,130730,KOSEF 단기자금,5,60,14,24,74,1.0,10.0,0.0,0.0,2.2,0.45
27,282000,KBSTAR 국고채3년선물인버스,5,60,14,24,74,1.0,10.0,0.0,0.0,1.3,2.16
27,468820,WOORI 25-09 회사채(AA-이상)액티브,5,60,14,24,74,1.0,10.0,0.0,0.0,8.41,0.74
27,470320,BNK 24-11 회사채(AA-이상)액티브,5,60,14,24,74,1.0,10.0,0.0,0.0,5.25,0.29
27,466400,1Q 25-08 회사채(A+이상)액티브,5,60,14,24,74,1.0,10.0,0.0,0.0,6.78,0.86
27,472920,HK 종합채권(AA-이상)액티브,5,60,14,24,74,1.0,10.0,0.0,0.0,8.83,3.31
27,458210,히어로즈 CD금리액티브(합성),5,60,14,24,74,1.0,10.0,0.0,0.0,3.67,0.26
27,475260,ACE 2월만기자동연장회사채AA-이상액티브,5,60,14,24,74,1.0,10.0,0.0,0.0,4.6,0.5
27,385550,KBSTAR 단기종합채권(AA-이상)액티브,5,60,14,24,74,1.0,10.0,0.0,0.0,2.84,0.35
27,475280,ACE 8월만기자동연장회사채AA-이상액티브,5,60,14,24,74,1.0,10.0,0.0,0.0,4.02,0.51
27,438560,SOL 국고채3년,5,60,14,24,74,1.0,10.0,0.0,0.0,4.29,2.83
27,239660,ARIRANG 우량회사채50 1년,5,60,14,24,74,1.0,10.0,0.0,0.0,1.89,0.52
27,465680,KODEX 24-12 은행채(AA+이상)액티브,5,60,14,24,79,1.0,10.0,0.0,0.0,4.34,0.59
27,196230,KBSTAR 단기통안채,5,60,14,24,79,1.0,10.0,0.0,0.0,1.78,0.21
27,451540,TIGER 종합채권(AA-이상)액티브,5,60,14,24,79,1.0,10.0,0.0,0.0,5.14,4.07
27,272580,TIGER 단기채권액티브,5,60,14,24,79,1.0,10.0,0.0,0.0,1.91,0.22
27,153130,KODEX 단기채권,5,60,14,24,79,1.0,10.0,0.0,0.0,1.93,0.34
27,447820,TIGER 24-10 회사채(A+이상)액티브,5,60,14,24,79,1.0,10.0,0.0,0.0,6.36,1.2
27,476810,KODEX 25-11 은행채(AA-이상)PLUS액티브,5,60,14,24,79,1.0,10.0,0.0,0.0,5.99,0.85
27,453540,TIGER 25-10 회사채(A+이상)액티브,5,60,14,24,79,1.0,10.0,0.0,0.0,4.65,1.46
27,481050,KODEX 1년은행양도성예금증서+액티브(합성),5,60,14,24,79,1.0,10.0,0.0,0.0,3.95,0.15
27,475630,TIGER CD1년금리액티브(합성),5,60,14,24,79,1.0,10.0,0.0,0.0,3.84,0.14
27,214980,KODEX 단기채권PLUS,5,60,14,24,79,1.0,10.0,0.0,0.0,1.81,0.18
27,455890,KBSTAR 머니마켓액티브,5,60,14,24,79,1.0,10.0,0.0,0.0,4.41,0.24
27,470260,TIGER 24-12 금융채(AA-이상),5,60,14,24,79,1.0,10.0,0.0,0.0,4.94,0.35
27,273130,KODEX 종합채권(AA-이상)액티브,5,60,14,24,79,1.0,10.0,0.0,0.0,1.74,3.05
27,272570,KBSTAR 중장기국공채액티브,5,60,14,24,74,1.0,10.0,0.0,0.0,1.75,2.88
27,449170,TIGER KOFR금리액티브(합성),5,60,14,24,79,1.0,10.0,0.0,0.0,3.65,0.15
27,423160,KODEX KOFR금리액티브(합성),5,60,14,24,79,1.0,10.0,0.0,0.0,3.32,0.13
27,357870,TIGER CD금리투자KIS(합성),5,60,14,24,79,1.0,10.0,0.0,0.0,2.24,0.23
27,459580,KODEX CD금리액티브(합성),5,60,14,24,79,1.0,10.0,0.0,0.0,3.81,0.15
27,390950,HANARO 단기채권액티브,5,60,14,24,74,1.0,10.0,0.0,0.0,2.34,0.27
27,298340,ARIRANG 국채선물3년,5,60,14,24,74,1.0,10.0,0.0,0.0,1.64,2.08
27,292770,KODEX 국채선물3년인버스,5,60,14,24,74,1.0,10.0,0.0,0.0,1.42,2.17
27,432600,KBSTAR 국채선물3년,5,60,14,24,74,1.0,10.0,0.0,0.0,3.76,3.69
27,430500,KOSEF 물가채KIS,5,60,14,24,74,1.0,10.0,0.0,0.0,6.8,4.65
27,471290,HANARO CD금리액티브(합성),5,60,14,24,74,1.0,10.0,0.0,0.0,3.65,0.18
27,453060,HANARO KOFR금리액티브(합성),5,60,14,24,74,1.0,10.0,0.0,0.0,3.72,0.17
27,114470,KOSEF 국고채3년,5,60,14,24,74,1.0,10.0,0.0,0.0,2.86,1.75
27,357870,TIGER CD금리투자KIS(합성),5,60,14,24,69,1.0,10.0,0.0,0.0,2.24,0.23
27,390950,HANARO 단기채권액티브,5,60,14,24,64,1.0,10.0,0.0,0.0,2.34,0.27
27,390950,HANARO 단기채권액티브,5,60,14,24,79,1.0,10.0,0.0,0.0,2.34,0.27
27,475630,TIGER CD1년금리액티브(합성),5,60,14,24,59,1.0,10.0,0.0,0.0,3.84,0.14
27,455890,KBSTAR 머니마켓액티브,5,60,14,24,59,1.0,10.0,0.0,0.0,4.41,0.24
27,470260,TIGER 24-12 금융채(AA-이상),5,60,14,24,59,1.0,10.0,0.0,0.0,4.94,0.35
27,465680,KODEX 24-12 은행채(AA+이상)액티브,5,60,14,24,59,1.0,10.0,0.0,0.0,4.34,0.59
27,273130,KODEX 종합채권(AA-이상)액티브,5,60,14,24,59,1.0,10.0,0.0,0.0,1.74,3.05
27,449170,TIGER KOFR금리액티브(합성),5,60,14,24,59,1.0,10.0,0.0,0.0,3.65,0.15
27,423160,KODEX KOFR금리액티브(합성),5,60,14,24,59,1.0,10.0,0.0,0.0,3.32,0.13
27,357870,TIGER CD금리투자KIS(합성),5,60,14,24,59,1.0,10.0,0.0,0.0,2.24,0.23
27,459580,KODEX CD금리액티브(합성),5,60,14,24,59,1.0,10.0,0.0,0.0,3.81,0.15
27,390950,HANARO 단기채권액티브,5,60,14,24,54,1.0,10.0,0.0,0.0,2.34,0.27
27,298340,ARIRANG 국채선물3년,5,60,14,24,54,1.0,10.0,0.0,0.0,1.64,2.08
27,292770,KODEX 국채선물3년인버스,5,60,14,24,54,1.0,10.0,0.0,0.0,1.42,2.17
27,432600,KBSTAR 국채선물3년,5,60,14,24,54,1.0,10.0,0.0,0.0,3.76,3.69
27,430500,KOSEF 물가채KIS,5,60,14,24,54,1.0,10.0,0.0,0.0,6.8,4.65
27,471290,HANARO CD금리액티브(합성),5,60,14,24,54,1.0,10.0,0.0,0.0,3.65,0.18
27,453060,HANARO KOFR금리액티브(합성),5,60,14,24,54,1.0,10.0,0.0,0.0,3.72,0.17
27,114470,KOSEF 국고채3년,5,60,14,24,54,1.0,10.0,0.0,0.0,2.86,1.75
27,272570,KBSTAR 중장기국공채액티브,5,60,14,24,54,1.0,10.0,0.0,0.0,1.75,2.88
27,239660,ARIRANG 우량회사채50 1년,5,60,14,24,54,1.0,10.0,0.0,0.0,1.89,0.52
27,438560,SOL 국고채3년,5,60,14,24,54,1.0,10.0,0.0,0.0,4.29,2.83
27,475280,ACE 8월만기자동연장회사채AA-이상액티브,5,60,14,24,54,1.0,10.0,0.0,0.0,4.02,0.51
27,363510,SOL KIS단기통안채,5,60,14,24,54,1.0,10.0,0.0,0.0,1.95,0.29
27,114100,KBSTAR 국고채3년,5,60,14,24,54,1.0,10.0,0.0,0.0,2.88,1.8
27,336160,KBSTAR 금융채액티브,5,60,14,24,54,1.0,10.0,0.0,0.0,1.94,2.03
27,272910,ACE 중장기국공채액티브,5,60,14,24,54,1.0,10.0,0.0,0.0,1.75,2.49
27,458030,WOORI 단기국공채액티브,5,60,14,24,54,1.0,10.0,0.0,0.0,3.98,0.24
27,122260,KOSEF 통안채1년,5,60,14,24,54,1.0,10.0,0.0,0.0,2.39,1.33
27,479520,KBSTAR KOFR금리액티브(합성),5,60,14,24,54,1.0,10.0,0.0,0.0,3.69,0.15
27,214980,KODEX 단기채권PLUS,5,60,14,24,59,1.0,10.0,0.0,0.0,1.81,0.18
27,481050,KODEX 1년은행양도성예금증서+액티브(합성),5,60,14,24,59,1.0,10.0,0.0,0.0,3.95,0.15
27,480260,TIGER 27-04회사채(A+이상)액티브,5,60,14,24,59,1.0,10.0,0.0,0.0,9.38,1.19
27,453540,TIGER 25-10 회사채(A+이상)액티브,5,60,14,24,59,1.0,10.0,0.0,0.0,4.65,1.46
27,278620,ARIRANG 단기채권액티브,5,60,14,24,59,1.0,10.0,0.0,0.0,1.94,0.42
27,464230,히어로즈 24-09 회사채(AA-이상)액티브,5,60,14,24,59,1.0,10.0,0.0,0.0,4.18,0.38
27,454780,히어로즈 종합채권(AA-이상)액티브,5,60,14,24,59,1.0,10.0,0.0,0.0,4.98,4.32
27,190620,ACE 단기통안채,5,60,14,24,59,1.0,10.0,0.0,0.0,1.77,0.13
27,461270,ACE 26-06 회사채(AA-이상)액티브,5,60,14,24,59,1.0,10.0,0.0,0.0,6.29,1.4
27,469820,SOL 24-12 회사채(AA-이상)액티브,5,60,14,24,59,1.0,10.0,0.0,0.0,5.13,0.34
27,438330,TIGER 투자등급회사채액티브,5,60,14,24,59,1.0,10.0,0.0,0.0,6.21,2.23
27,463290,1Q 단기금융채액티브,5,60,14,24,59,1.0,10.0,0.0,0.0,4.58,0.26
27,272560,KBSTAR 단기국공채액티브,5,60,14,24,59,1.0,10.0,0.0,0.0,2.0,0.36
27,464540,KBSTAR 25-03 회사채(AA-이상)액티브,5,60,14,24,59,1.0,10.0,0.0,0.0,4.95,0.55
27,473290,KODEX 26-12 회사채(AA-이상)액티브,5,60,14,24,59,1.0,10.0,0.0,0.0,6.18,1.28
27,448880,ACE 24-12 회사채(AA-이상)액티브,5,60,14,24,59,1.0,10.0,0.0,0.0,6.77,0.92
27,439860,KODEX ESG종합채권(A-이상)액티브,5,60,14,24,59,1.0,10.0,0.0,0.0,5.42,2.08
27,273140,KODEX 단기변동금리부채권액티브,5,60,14,24,59,1.0,10.0,0.0,0.0,1.87,0.25
27,479080,1Q 머니마켓액티브,5,60,14,24,59,1.0,10.0,0.0,0.0,4.64,0.18
27,476450,히어로즈 머니마켓액티브,5,60,14,24,59,1.0,10.0,0.0,0.0,4.26,0.32
27,451000,ARIRANG 종합채권(AA-이상)액티브,5,60,14,24,59,1.0,10.0,0.0,0.0,5.79,4.81
27,467940,KODEX 25-11 회사채(A+이상)액티브,5,60,14,24,59,1.0,10.0,0.0,0.0,6.88,1.08
27,477050,ARIRANG 머니마켓액티브,5,60,14,24,59,1.0,10.0,0.0,0.0,4.1,0.22
27,469830,SOL 초단기채권액티브,5,60,14,24,59,1.0,10.0,0.0,0.0,4.6,0.21
27,477080,KBSTAR CD금리액티브(합성),5,60,14,24,59,1.0,10.0,0.0,0.0,3.84,0.14
27,196230,KBSTAR 단기통안채,5,60,14,24,59,1.0,10.0,0.0,0.0,1.78,0.21
27,451540,TIGER 종합채권(AA-이상)액티브,5,60,14,24,59,1.0,10.0,0.0,0.0,5.14,4.07
27,272580,TIGER 단기채권액티브,5,60,14,24,59,1.0,10.0,0.0,0.0,1.91,0.22
27,153130,KODEX 단기채권,5,60,14,24,59,1.0,10.0,0.0,0.0,1.93,0.34
27,447820,TIGER 24-10 회사채(A+이상)액티브,5,60,14,24,59,1.0,10.0,0.0,0.0,6.36,1.2
27,476810,KODEX 25-11 은행채(AA-이상)PLUS액티브,5,60,14,24,59,1.0,10.0,0.0,0.0,5.99,0.85
27,397410,KBSTAR 국채선물5년추종인버스,5,60,14,24,54,1.0,10.0,0.0,0.0,4.11,4.48
27,440640,ACE 단기채권알파액티브,5,60,14,24,54,1.0,10.0,0.0,0.0,3.81,0.34
27,136340,KBSTAR 중기우량회사채,5,60,14,24,54,1.0,10.0,0.0,0.0,2.91,1.36
27,464240,히어로즈 26-09 회사채(AA-이상)액티브,5,60,14,24,54,1.0,10.0,0.0,0.0,6.91,1.53
27,473290,KODEX 26-12 회사채(AA-이상)액티브,5,60,14,24,54,1.0,10.0,0.0,0.0,6.18,1.28
27,448880,ACE 24-12 회사채(AA-이상)액티브,5,60,14,24,54,1.0,10.0,0.0,0.0,6.77,0.92
27,439860,KODEX ESG종합채권(A-이상)액티브,5,60,14,24,54,1.0,10.0,0.0,0.0,5.42,2.08
27,273140,KODEX 단기변동금리부채권액티브,5,60,14,24,54,1.0,10.0,0.0,0.0,1.87,0.25
27,479080,1Q 머니마켓액티브,5,60,14,24,54,1.0,10.0,0.0,0.0,4.64,0.18
27,476450,히어로즈 머니마켓액티브,5,60,14,24,54,1.0,10.0,0.0,0.0,4.26,0.32
27,451000,ARIRANG 종합채권(AA-이상)액티브,5,60,14,24,54,1.0,10.0,0.0,0.0,5.79,4.81
27,467940,KODEX 25-11 회사채(A+이상)액티브,5,60,14,24,54,1.0,10.0,0.0,0.0,6.88,1.08
27,477050,ARIRANG 머니마켓액티브,5,60,14,24,54,1.0,10.0,0.0,0.0,4.1,0.22
27,469830,SOL 초단기채권액티브,5,60,14,24,54,1.0,10.0,0.0,0.0,4.6,0.21
27,477080,KBSTAR CD금리액티브(합성),5,60,14,24,54,1.0,10.0,0.0,0.0,3.84,0.14
27,196230,KBSTAR 단기통안채,5,60,14,24,54,1.0,10.0,0.0,0.0,1.78,0.21
27,451540,TIGER 종합채권(AA-이상)액티브,5,60,14,24,54,1.0,10.0,0.0,0.0,5.14,4.07
27,272580,TIGER 단기채권액티브,5,60,14,24,54,1.0,10.0,0.0,0.0,1.91,0.22
27,153130,KODEX 단기채권,5,60,14,24,54,1.0,10.0,0.0,0.0,1.93,0.34
27,447820,TIGER 24-10 회사채(A+이상)액티브,5,60,14,24,54,1.0,10.0,0.0,0.0,6.36,1.2
27,476810,KODEX 25-11 은행채(AA-이상)PLUS액티브,5,60,14,24,54,1.0,10.0,0.0,0.0,5.99,0.85
27,453540,TIGER 25-10 회사채(A+이상)액티브,5,60,14,24,54,1.0,10.0,0.0,0.0,4.65,1.46
27,481050,KODEX 1년은행양도성예금증서+액티브(합성),5,60,14,24,54,1.0,10.0,0.0,0.0,3.95,0.15
27,475630,TIGER CD1년금리액티브(합성),5,60,14,24,54,1.0,10.0,0.0,0.0,3.84,0.14
27,214980,KODEX 단기채권PLUS,5,60,14,24,54,1.0,10.0,0.0,0.0,1.81,0.18
27,455890,KBSTAR 머니마켓액티브,5,60,14,24,54,1.0,10.0,0.0,0.0,4.41,0.24
27,470260,TIGER 24-12 금융채(AA-이상),5,60,14,24,54,1.0,10.0,0.0,0.0,4.94,0.35
27,465680,KODEX 24-12 은행채(AA+이상)액티브,5,60,14,24,54,1.0,10.0,0.0,0.0,4.34,0.59
27,273130,KODEX 종합채권(AA-이상)액티브,5,60,14,24,54,1.0,10.0,0.0,0.0,1.74,3.05
27,449170,TIGER KOFR금리액티브(합성),5,60,14,24,54,1.0,10.0,0.0,0.0,3.65,0.15
27,423160,KODEX KOFR금리액티브(합성),5,60,14,24,54,1.0,10.0,0.0,0.0,3.32,0.13
27,464540,KBSTAR 25-03 회사채(AA-이상)액티브,5,60,14,24,54,1.0,10.0,0.0,0.0,4.95,0.55
27,272560,KBSTAR 단기국공채액티브,5,60,14,24,54,1.0,10.0,0.0,0.0,2.0,0.36
27,463290,1Q 단기금융채액티브,5,60,14,24,54,1.0,10.0,0.0,0.0,4.58,0.26
27,472920,HK 종합채권(AA-이상)액티브,5,60,14,24,54,1.0,10.0,0.0,0.0,8.83,3.31
27,475270,ACE 5월만기자동연장회사채AA-이상액티브,5,60,14,24,54,1.0,10.0,0.0,0.0,4.37,0.5
27,465780,마이티 26-09 특수채(AAA)액티브,5,60,14,24,54,1.0,10.0,0.0,0.0,7.41,1.64
27,483230,KBSTAR 25-06 은행채(AA+이상)액티브,5,60,14,24,54,1.0,10.0,0.0,0.0,5.93,0.36
27,448600,KBSTAR 25-11 회사채(AA-이상)액티브,5,60,14,24,54,1.0,10.0,0.0,0.0,7.4,1.89
27,419890,히어로즈 단기채권ESG액티브,5,60,14,24,54,1.0,10.0,0.0,0.0,3.59,0.58
27,453010,ARIRANG KOFR금리,5,60,14,24,54,1.0,10.0,0.0,0.0,3.57,0.15
27,461260,ACE 25-06 회사채(AA-이상)액티브,5,60,14,24,54,1.0,10.0,0.0,0.0,5.26,0.97
27,130730,KOSEF 단기자금,5,60,14,24,54,1.0,10.0,0.0,0.0,2.2,0.45
27,282000,KBSTAR 국고채3년선물인버스,5,60,14,24,54,1.0,10.0,0.0,0.0,1.3,2.16
27,468820,WOORI 25-09 회사채(AA-이상)액티브,5,60,14,24,54,1.0,10.0,0.0,0.0,8.41,0.74
27,470320,BNK 24-11 회사채(AA-이상)액티브,5,60,14,24,54,1.0,10.0,0.0,0.0,5.25,0.29
27,466400,1Q 25-08 회사채(A+이상)액티브,5,60,14,24,54,1.0,10.0,0.0,0.0,6.78,0.86
27,458210,히어로즈 CD금리액티브(합성),5,60,14,24,54,1.0,10.0,0.0,0.0,3.67,0.26
27,438330,TIGER 투자등급회사채액티브,5,60,14,24,54,1.0,10.0,0.0,0.0,6.21,2.23
27,475260,ACE 2월만기자동연장회사채AA-이상액티브,5,60,14,24,54,1.0,10.0,0.0,0.0,4.6,0.5
27,385550,KBSTAR 단기종합채권(AA-이상)액티브,5,60,14,24,54,1.0,10.0,0.0,0.0,2.84,0.35
27,484890,SOL 머니마켓액티브,5,60,14,24,54,1.0,10.0,0.0,0.0,4.14,0.12
27,473440,ACE 11월만기자동연장회사채AA-이상액티브,5,60,14,24,54,1.0,10.0,0.0,0.0,4.59,1.79
27,480260,TIGER 27-04회사채(A+이상)액티브,5,60,14,24,54,1.0,10.0,0.0,0.0,9.38,1.19
27,462540,SOL 25-09 회사채(AA-이상)액티브,5,60,14,24,54,1.0,10.0,0.0,0.0,5.7,1.01
27,278620,ARIRANG 단기채권액티브,5,60,14,24,54,1.0,10.0,0.0,0.0,1.94,0.42
27,464230,히어로즈 24-09 회사채(AA-이상)액티브,5,60,14,24,54,1.0,10.0,0.0,0.0,4.18,0.38
27,454780,히어로즈 종합채권(AA-이상)액티브,5,60,14,24,54,1.0,10.0,0.0,0.0,4.98,4.32
27,190620,ACE 단기통안채,5,60,14,24,54,1.0,10.0,0.0,0.0,1.77,0.13
27,461270,ACE 26-06 회사채(AA-이상)액티브,5,60,14,24,54,1.0,10.0,0.0,0.0,6.29,1.4
27,469820,SOL 24-12 회사채(AA-이상)액티브,5,60,14,24,54,1.0,10.0,0.0,0.0,5.13,0.34
27,462540,SOL 25-09 회사채(AA-이상)액티브,5,60,14,24,59,1.0,10.0,0.0,0.0,5.7,1.01
27,473440,ACE 11월만기자동연장회사채AA-이상액티브,5,60,14,24,59,1.0,10.0,0.0,0.0,4.59,1.79
27,298340,ARIRANG 국채선물3년,5,60,14,24,64,1.0,10.0,0.0,0.0,1.64,2.08
27,282000,KBSTAR 국고채3년선물인버스,5,60,14,24,64,1.0,10.0,0.0,0.0,1.3,2.16
27,470320,BNK 24-11 회사채(AA-이상)액티브,5,60,14,24,64,1.0,10.0,0.0,0.0,5.25,0.29
27,466400,1Q 25-08 회사채(A+이상)액티브,5,60,14,24,64,1.0,10.0,0.0,0.0,6.78,0.86
27,472920,HK 종합채권(AA-이상)액티브,5,60,14,24,64,1.0,10.0,0.0,0.0,8.83,3.31
27,458210,히어로즈 CD금리액티브(합성),5,60,14,24,64,1.0,10.0,0.0,0.0,3.67,0.26
27,475260,ACE 2월만기자동연장회사채AA-이상액티브,5,60,14,24,64,1.0,10.0,0.0,0.0,4.6,0.5
27,385550,KBSTAR 단기종합채권(AA-이상)액티브,5,60,14,24,64,1.0,10.0,0.0,0.0,2.84,0.35
27,484890,SOL 머니마켓액티브,5,60,14,24,64,1.0,10.0,0.0,0.0,4.14,0.12
27,473440,ACE 11월만기자동연장회사채AA-이상액티브,5,60,14,24,64,1.0,10.0,0.0,0.0,4.59,1.79
27,480260,TIGER 27-04회사채(A+이상)액티브,5,60,14,24,64,1.0,10.0,0.0,0.0,9.38,1.19
27,462540,SOL 25-09 회사채(AA-이상)액티브,5,60,14,24,64,1.0,10.0,0.0,0.0,5.7,1.01
27,278620,ARIRANG 단기채권액티브,5,60,14,24,64,1.0,10.0,0.0,0.0,1.94,0.42
27,464230,히어로즈 24-09 회사채(AA-이상)액티브,5,60,14,24,64,1.0,10.0,0.0,0.0,4.18,0.38
27,454780,히어로즈 종합채권(AA-이상)액티브,5,60,14,24,64,1.0,10.0,0.0,0.0,4.98,4.32
27,190620,ACE 단기통안채,5,60,14,24,64,1.0,10.0,0.0,0.0,1.77,0.13
27,461270,ACE 26-06 회사채(AA-이상)액티브,5,60,14,24,64,1.0,10.0,0.0,0.0,6.29,1.4
27,469820,SOL 24-12 회사채(AA-이상)액티브,5,60,14,24,64,1.0,10.0,0.0,0.0,5.13,0.34
27,438330,TIGER 투자등급회사채액티브,5,60,14,24,64,1.0,10.0,0.0,0.0,6.21,2.23
27,463290,1Q 단기금융채액티브,5,60,14,24,64,1.0,10.0,0.0,0.0,4.58,0.26
27,272560,KBSTAR 단기국공채액티브,5,60,14,24,64,1.0,10.0,0.0,0.0,2.0,0.36
27,464540,KBSTAR 25-03 회사채(AA-이상)액티브,5,60,14,24,64,1.0,10.0,0.0,0.0,4.95,0.55
27,473290,KODEX 26-12 회사채(AA-이상)액티브,5,60,14,24,64,1.0,10.0,0.0,0.0,6.18,1.28
27,448880,ACE 24-12 회사채(AA-이상)액티브,5,60,14,24,64,1.0,10.0,0.0,0.0,6.77,0.92
27,439860,KODEX ESG종합채권(A-이상)액티브,5,60,14,24,64,1.0,10.0,0.0,0.0,5.42,2.08
27,273140,KODEX 단기변동금리부채권액티브,5,60,14,24,64,1.0,10.0,0.0,0.0,1.87,0.25
27,479080,1Q 머니마켓액티브,5,60,14,24,64,1.0,10.0,0.0,0.0,4.64,0.18
27,476450,히어로즈 머니마켓액티브,5,60,14,24,64,1.0,10.0,0.0,0.0,4.26,0.32
27,451000,ARIRANG 종합채권(AA-이상)액티브,5,60,14,24,64,1.0,10.0,0.0,0.0,5.79,4.81
27,468820,WOORI 25-09 회사채(AA-이상)액티브,5,60,14,24,64,1.0,10.0,0.0,0.0,8.41,0.74
27,130730,KOSEF 단기자금,5,60,14,24,64,1.0,10.0,0.0,0.0,2.2,0.45
27,484890,SOL 머니마켓액티브,5,60,14,24,59,1.0,10.0,0.0,0.0,4.14,0.12
27,461260,ACE 25-06 회사채(AA-이상)액티브,5,60,14,24,64,1.0,10.0,0.0,0.0,5.26,0.97
27,292770,KODEX 국채선물3년인버스,5,60,14,24,64,1.0,10.0,0.0,0.0,1.42,2.17
27,432600,KBSTAR 국채선물3년,5,60,14,24,64,1.0,10.0,0.0,0.0,3.76,3.69
27,430500,KOSEF 물가채KIS,5,60,14,24,64,1.0,10.0,0.0,0.0,6.8,4.65
27,471290,HANARO CD금리액티브(합성),5,60,14,24,64,1.0,10.0,0.0,0.0,3.65,0.18
27,453060,HANARO KOFR금리액티브(합성),5,60,14,24,64,1.0,10.0,0.0,0.0,3.72,0.17
27,114470,KOSEF 국고채3년,5,60,14,24,64,1.0,10.0,0.0,0.0,2.86,1.75
27,272570,KBSTAR 중장기국공채액티브,5,60,14,24,64,1.0,10.0,0.0,0.0,1.75,2.88
27,239660,ARIRANG 우량회사채50 1년,5,60,14,24,64,1.0,10.0,0.0,0.0,1.89,0.52
27,438560,SOL 국고채3년,5,60,14,24,64,1.0,10.0,0.0,0.0,4.29,2.83
27,475280,ACE 8월만기자동연장회사채AA-이상액티브,5,60,14,24,64,1.0,10.0,0.0,0.0,4.02,0.51
27,363510,SOL KIS단기통안채,5,60,14,24,64,1.0,10.0,0.0,0.0,1.95,0.29
27,114100,KBSTAR 국고채3년,5,60,14,24,64,1.0,10.0,0.0,0.0,2.88,1.8
27,336160,KBSTAR 금융채액티브,5,60,14,24,64,1.0,10.0,0.0,0.0,1.94,2.03
27,272910,ACE 중장기국공채액티브,5,60,14,24,64,1.0,10.0,0.0,0.0,1.75,2.49
27,458030,WOORI 단기국공채액티브,5,60,14,24,64,1.0,10.0,0.0,0.0,3.98,0.24
27,122260,KOSEF 통안채1년,5,60,14,24,64,1.0,10.0,0.0,0.0,2.39,1.33
27,479520,KBSTAR KOFR금리액티브(합성),5,60,14,24,64,1.0,10.0,0.0,0.0,3.69,0.15
27,397410,KBSTAR 국채선물5년추종인버스,5,60,14,24,64,1.0,10.0,0.0,0.0,4.11,4.48
27,440640,ACE 단기채권알파액티브,5,60,14,24,64,1.0,10.0,0.0,0.0,3.81,0.34
27,136340,KBSTAR 중기우량회사채,5,60,14,24,64,1.0,10.0,0.0,0.0,2.91,1.36
27,464240,히어로즈 26-09 회사채(AA-이상)액티브,5,60,14,24,64,1.0,10.0,0.0,0.0,6.91,1.53
27,475270,ACE 5월만기자동연장회사채AA-이상액티브,5,60,14,24,64,1.0,10.0,0.0,0.0,4.37,0.5
27,465780,마이티 26-09 특수채(AAA)액티브,5,60,14,24,64,1.0,10.0,0.0,0.0,7.41,1.64
27,483230,KBSTAR 25-06 은행채(AA+이상)액티브,5,60,14,24,64,1.0,10.0,0.0,0.0,5.93,0.36
27,448600,KBSTAR 25-11 회사채(AA-이상)액티브,5,60,14,24,64,1.0,10.0,0.0,0.0,7.4,1.89
27,419890,히어로즈 단기채권ESG액티브,5,60,14,24,64,1.0,10.0,0.0,0.0,3.59,0.58
27,453010,ARIRANG KOFR금리,5,60,14,24,64,1.0,10.0,0.0,0.0,3.57,0.15
27,467940,KODEX 25-11 회사채(A+이상)액티브,5,60,14,24,64,1.0,10.0,0.0,0.0,6.88,1.08
27,477050,ARIRANG 머니마켓액티브,5,60,14,24,64,1.0,10.0,0.0,0.0,4.1,0.22
27,469830,SOL 초단기채권액티브,5,60,14,24,64,1.0,10.0,0.0,0.0,4.6,0.21
27,477080,KBSTAR CD금리액티브(합성),5,60,14,24,64,1.0,10.0,0.0,0.0,3.84,0.14
27,363510,SOL KIS단기통안채,5,60,14,24,59,1.0,10.0,0.0,0.0,1.95,0.29
27,114100,KBSTAR 국고채3년,5,60,14,24,59,1.0,10.0,0.0,0.0,2.88,1.8
27,336160,KBSTAR 금융채액티브,5,60,14,24,59,1.0,10.0,0.0,0.0,1.94,2.03
27,272910,ACE 중장기국공채액티브,5,60,14,24,59,1.0,10.0,0.0,0.0,1.75,2.49
27,458030,WOORI 단기국공채액티브,5,60,14,24,59,1.0,10.0,0.0,0.0,3.98,0.24
27,122260,KOSEF 통안채1년,5,60,14,24,59,1.0,10.0,0.0,0.0,2.39,1.33
27,479520,KBSTAR KOFR금리액티브(합성),5,60,14,24,59,1.0,10.0,0.0,0.0,3.69,0.15
27,397410,KBSTAR 국채선물5년추종인버스,5,60,14,24,59,1.0,10.0,0.0,0.0,4.11,4.48
27,440640,ACE 단기채권알파액티브,5,60,14,24,59,1.0,10.0,0.0,0.0,3.81,0.34
27,136340,KBSTAR 중기우량회사채,5,60,14,24,59,1.0,10.0,0.0,0.0,2.91,1.36
27,464240,히어로즈 26-09 회사채(AA-이상)액티브,5,60,14,24,59,1.0,10.0,0.0,0.0,6.91,1.53
27,475270,ACE 5월만기자동연장회사채AA-이상액티브,5,60,14,24,59,1.0,10.0,0.0,0.0,4.37,0.5
27,465780,마이티 26-09 특수채(AAA)액티브,5,60,14,24,59,1.0,10.0,0.0,0.0,7.41,1.64
27,483230,KBSTAR 25-06 은행채(AA+이상)액티브,5,60,14,24,59,1.0,10.0,0.0,0.0,5.93,0.36
27,448600,KBSTAR 25-11 회사채(AA-이상)액티브,5,60,14,24,59,1.0,10.0,0.0,0.0,7.4,1.89
27,419890,히어로즈 단기채권ESG액티브,5,60,14,24,59,1.0,10.0,0.0,0.0,3.59,0.58
27,453010,ARIRANG KOFR금리,5,60,14,24,59,1.0,10.0,0.0,0.0,3.57,0.15
27,461260,ACE 25-06 회사채(AA-이상)액티브,5,60,14,24,59,1.0,10.0,0.0,0.0,5.26,0.97
27,130730,KOSEF 단기자금,5,60,14,24,59,1.0,10.0,0.0,0.0,2.2,0.45
27,282000,KBSTAR 국고채3년선물인버스,5,60,14,24,59,1.0,10.0,0.0,0.0,1.3,2.16
27,468820,WOORI 25-09 회사채(AA-이상)액티브,5,60,14,24,59,1.0,10.0,0.0,0.0,8.41,0.74
27,470320,BNK 24-11 회사채(AA-이상)액티브,5,60,14,24,59,1.0,10.0,0.0,0.0,5.25,0.29
27,466400,1Q 25-08 회사채(A+이상)액티브,5,60,14,24,59,1.0,10.0,0.0,0.0,6.78,0.86
27,472920,HK 종합채권(AA-이상)액티브,5,60,14,24,59,1.0,10.0,0.0,0.0,8.83,3.31
27,458210,히어로즈 CD금리액티브(합성),5,60,14,24,59,1.0,10.0,0.0,0.0,3.67,0.26
27,475260,ACE 2월만기자동연장회사채AA-이상액티브,5,60,14,24,59,1.0,10.0,0.0,0.0,4.6,0.5
27,385550,KBSTAR 단기종합채권(AA-이상)액티브,5,60,14,24,59,1.0,10.0,0.0,0.0,2.84,0.35
27,475280,ACE 8월만기자동연장회사채AA-이상액티브,5,60,14,24,59,1.0,10.0,0.0,0.0,4.02,0.51
27,438560,SOL 국고채3년,5,60,14,24,59,1.0,10.0,0.0,0.0,4.29,2.83
27,239660,ARIRANG 우량회사채50 1년,5,60,14,24,59,1.0,10.0,0.0,0.0,1.89,0.52
27,465680,KODEX 24-12 은행채(AA+이상)액티브,5,60,14,24,64,1.0,10.0,0.0,0.0,4.34,0.59
27,196230,KBSTAR 단기통안채,5,60,14,24,64,1.0,10.0,0.0,0.0,1.78,0.21
27,451540,TIGER 종합채권(AA-이상)액티브,5,60,14,24,64,1.0,10.0,0.0,0.0,5.14,4.07
27,272580,TIGER 단기채권액티브,5,60,14,24,64,1.0,10.0,0.0,0.0,1.91,0.22
27,153130,KODEX 단기채권,5,60,14,24,64,1.0,10.0,0.0,0.0,1.93,0.34
27,447820,TIGER 24-10 회사채(A+이상)액티브,5,60,14,24,64,1.0,10.0,0.0,0.0,6.36,1.2
27,476810,KODEX 25-11 은행채(AA-이상)PLUS액티브,5,60,14,24,64,1.0,10.0,0.0,0.0,5.99,0.85
27,453540,TIGER 25-10 회사채(A+이상)액티브,5,60,14,24,64,1.0,10.0,0.0,0.0,4.65,1.46
27,481050,KODEX 1년은행양도성예금증서+액티브(합성),5,60,14,24,64,1.0,10.0,0.0,0.0,3.95,0.15
27,475630,TIGER CD1년금리액티브(합성),5,60,14,24,64,1.0,10.0,0.0,0.0,3.84,0.14
27,214980,KODEX 단기채권PLUS,5,60,14,24,64,1.0,10.0,0.0,0.0,1.81,0.18
27,455890,KBSTAR 머니마켓액티브,5,60,14,24,64,1.0,10.0,0.0,0.0,4.41,0.24
27,470260,TIGER 24-12 금융채(AA-이상),5,60,14,24,64,1.0,10.0,0.0,0.0,4.94,0.35
27,273130,KODEX 종합채권(AA-이상)액티브,5,60,14,24,64,1.0,10.0,0.0,0.0,1.74,3.05
27,272570,KBSTAR 중장기국공채액티브,5,60,14,24,59,1.0,10.0,0.0,0.0,1.75,2.88
27,449170,TIGER KOFR금리액티브(합성),5,60,14,24,64,1.0,10.0,0.0,0.0,3.65,0.15
27,423160,KODEX KOFR금리액티브(합성),5,60,14,24,64,1.0,10.0,0.0,0.0,3.32,0.13
27,357870,TIGER CD금리투자KIS(합성),5,60,14,24,64,1.0,10.0,0.0,0.0,2.24,0.23
27,459580,KODEX CD금리액티브(합성),5,60,14,24,64,1.0,10.0,0.0,0.0,3.81,0.15
27,390950,HANARO 단기채권액티브,5,60,14,24,59,1.0,10.0,0.0,0.0,2.34,0.27
27,298340,ARIRANG 국채선물3년,5,60,14,24,59,1.0,10.0,0.0,0.0,1.64,2.08
27,292770,KODEX 국채선물3년인버스,5,60,14,24,59,1.0,10.0,0.0,0.0,1.42,2.17
27,432600,KBSTAR 국채선물3년,5,60,14,24,59,1.0,10.0,0.0,0.0,3.76,3.69
27,430500,KOSEF 물가채KIS,5,60,14,24,59,1.0,10.0,0.0,0.0,6.8,4.65
27,471290,HANARO CD금리액티브(합성),5,60,14,24,59,1.0,10.0,0.0,0.0,3.65,0.18
27,453060,HANARO KOFR금리액티브(합성),5,60,14,24,59,1.0,10.0,0.0,0.0,3.72,0.17
27,114470,KOSEF 국고채3년,5,60,14,24,59,1.0,10.0,0.0,0.0,2.86,1.75
27,298340,ARIRANG 국채선물3년,5,60,14,24,79,1.0,10.0,0.0,0.0,1.64,2.08
27,357870,TIGER CD금리투자KIS(합성),5,60,14,24,54,1.0,10.0,0.0,0.0,2.24,0.23
27,298340,ARIRANG 국채선물3년,5,120,14,24,79,1.0,10.0,0.0,0.0,1.64,2.08
27,475630,TIGER CD1년금리액티브(합성),5,120,14,24,74,1.0,10.0,0.0,0.0,3.84,0.14
27,455890,KBSTAR 머니마켓액티브,5,120,14,24,74,1.0,10.0,0.0,0.0,4.41,0.24
27,470260,TIGER 24-12 금융채(AA-이상),5,120,14,24,74,1.0,10.0,0.0,0.0,4.94,0.35
27,465680,KODEX 24-12 은행채(AA+이상)액티브,5,120,14,24,74,1.0,10.0,0.0,0.0,4.34,0.59
27,273130,KODEX 종합채권(AA-이상)액티브,5,120,14,24,74,1.0,10.0,0.0,0.0,1.74,3.05
27,449170,TIGER KOFR금리액티브(합성),5,120,14,24,74,1.0,10.0,0.0,0.0,3.65,0.15
27,423160,KODEX KOFR금리액티브(합성),5,120,14,24,74,1.0,10.0,0.0,0.0,3.32,0.13
27,357870,TIGER CD금리투자KIS(합성),5,120,14,24,74,1.0,10.0,0.0,0.0,2.24,0.23
27,459580,KODEX CD금리액티브(합성),5,120,14,24,74,1.0,10.0,0.0,0.0,3.81,0.15
27,390950,HANARO 단기채권액티브,5,120,14,24,69,1.0,10.0,0.0,0.0,2.34,0.27
27,298340,ARIRANG 국채선물3년,5,120,14,24,69,1.0,10.0,0.0,0.0,1.64,2.08
27,292770,KODEX 국채선물3년인버스,5,120,14,24,69,1.0,10.0,0.0,0.0,1.42,2.17
27,432600,KBSTAR 국채선물3년,5,120,14,24,69,1.0,10.0,0.0,0.0,3.76,3.69
27,430500,KOSEF 물가채KIS,5,120,14,24,69,1.0,10.0,0.0,0.0,6.8,4.65
27,471290,HANARO CD금리액티브(합성),5,120,14,24,69,1.0,10.0,0.0,0.0,3.65,0.18
27,453060,HANARO KOFR금리액티브(합성),5,120,14,24,69,1.0,10.0,0.0,0.0,3.72,0.17
27,114470,KOSEF 국고채3년,5,120,14,24,69,1.0,10.0,0.0,0.0,2.86,1.75
27,272570,KBSTAR 중장기국공채액티브,5,120,14,24,69,1.0,10.0,0.0,0.0,1.75,2.88
27,239660,ARIRANG 우량회사채50 1년,5,120,14,24,69,1.0,10.0,0.0,0.0,1.89,0.52
27,438560,SOL 국고채3년,5,120,14,24,69,1.0,10.0,0.0,0.0,4.29,2.83
27,475280,ACE 8월만기자동연장회사채AA-이상액티브,5,120,14,24,69,1.0,10.0,0.0,0.0,4.02,0.51
27,363510,SOL KIS단기통안채,5,120,14,24,69,1.0,10.0,0.0,0.0,1.95,0.29
27,114100,KBSTAR 국고채3년,5,120,14,24,69,1.0,10.0,0.0,0.0,2.88,1.8
27,336160,KBSTAR 금융채액티브,5,120,14,24,69,1.0,10.0,0.0,0.0,1.94,2.03
27,272910,ACE 중장기국공채액티브,5,120,14,24,69,1.0,10.0,0.0,0.0,1.75,2.49
27,458030,WOORI 단기국공채액티브,5,120,14,24,69,1.0,10.0,0.0,0.0,3.98,0.24
27,122260,KOSEF 통안채1년,5,120,14,24,69,1.0,10.0,0.0,0.0,2.39,1.33
27,479520,KBSTAR KOFR금리액티브(합성),5,120,14,24,69,1.0,10.0,0.0,0.0,3.69,0.15
27,214980,KODEX 단기채권PLUS,5,120,14,24,74,1.0,10.0,0.0,0.0,1.81,0.18
27,481050,KODEX 1년은행양도성예금증서+액티브(합성),5,120,14,24,74,1.0,10.0,0.0,0.0,3.95,0.15
27,480260,TIGER 27-04회사채(A+이상)액티브,5,120,14,24,74,1.0,10.0,0.0,0.0,9.38,1.19
27,453540,TIGER 25-10 회사채(A+이상)액티브,5,120,14,24,74,1.0,10.0,0.0,0.0,4.65,1.46
27,278620,ARIRANG 단기채권액티브,5,120,14,24,74,1.0,10.0,0.0,0.0,1.94,0.42
27,464230,히어로즈 24-09 회사채(AA-이상)액티브,5,120,14,24,74,1.0,10.0,0.0,0.0,4.18,0.38
27,454780,히어로즈 종합채권(AA-이상)액티브,5,120,14,24,74,1.0,10.0,0.0,0.0,4.98,4.32
27,190620,ACE 단기통안채,5,120,14,24,74,1.0,10.0,0.0,0.0,1.77,0.13
27,461270,ACE 26-06 회사채(AA-이상)액티브,5,120,14,24,74,1.0,10.0,0.0,0.0,6.29,1.4
27,469820,SOL 24-12 회사채(AA-이상)액티브,5,120,14,24,74,1.0,10.0,0.0,0.0,5.13,0.34
27,438330,TIGER 투자등급회사채액티브,5,120,14,24,74,1.0,10.0,0.0,0.0,6.21,2.23
27,463290,1Q 단기금융채액티브,5,120,14,24,74,1.0,10.0,0.0,0.0,4.58,0.26
27,272560,KBSTAR 단기국공채액티브,5,120,14,24,74,1.0,10.0,0.0,0.0,2.0,0.36
27,464540,KBSTAR 25-03 회사채(AA-이상)액티브,5,120,14,24,74,1.0,10.0,0.0,0.0,4.95,0.55
27,473290,KODEX 26-12 회사채(AA-이상)액티브,5,120,14,24,74,1.0,10.0,0.0,0.0,6.18,1.28
27,448880,ACE 24-12 회사채(AA-이상)액티브,5,120,14,24,74,1.0,10.0,0.0,0.0,6.77,0.92
27,439860,KODEX ESG종합채권(A-이상)액티브,5,120,14,24,74,1.0,10.0,0.0,0.0,5.42,2.08
27,273140,KODEX 단기변동금리부채권액티브,5,120,14,24,74,1.0,10.0,0.0,0.0,1.87,0.25
27,479080,1Q 머니마켓액티브,5,120,14,24,74,1.0,10.0,0.0,0.0,4.64,0.18
27,476450,히어로즈 머니마켓액티브,5,120,14,24,74,1.0,10.0,0.0,0.0,4.26,0.32
27,451000,ARIRANG 종합채권(AA-이상)액티브,5,120,14,24,74,1.0,10.0,0.0,0.0,5.79,4.81
27,467940,KODEX 25-11 회사채(A+이상)액티브,5,120,14,24,74,1.0,10.0,0.0,0.0,6.88,1.08
27,477050,ARIRANG 머니마켓액티브,5,120,14,24,74,1.0,10.0,0.0,0.0,4.1,0.22
27,469830,SOL 초단기채권액티브,5,120,14,24,74,1.0,10.0,0.0,0.0,4.6,0.21
27,477080,KBSTAR CD금리액티브(합성),5,120,14,24,74,1.0,10.0,0.0,0.0,3.84,0.14
27,196230,KBSTAR 단기통안채,5,120,14,24,74,1.0,10.0,0.0,0.0,1.78,0.21
27,451540,TIGER 종합채권(AA-이상)액티브,5,120,14,24,74,1.0,10.0,0.0,0.0,5.14,4.07
27,272580,TIGER 단기채권액티브,5,120,14,24,74,1.0,10.0,0.0,0.0,1.91,0.22
27,153130,KODEX 단기채권,5,120,14,24,74,1.0,10.0,0.0,0.0,1.93,0.34
27,447820,TIGER 24-10 회사채(A+이상)액티브,5,120,14,24,74,1.0,10.0,0.0,0.0,6.36,1.2
27,476810,KODEX 25-11 은행채(AA-이상)PLUS액티브,5,120,14,24,74,1.0,10.0,0.0,0.0,5.99,0.85
27,397410,KBSTAR 국채선물5년추종인버스,5,120,14,24,69,1.0,10.0,0.0,0.0,4.11,4.48
27,440640,ACE 단기채권알파액티브,5,120,14,24,69,1.0,10.0,0.0,0.0,3.81,0.34
27,136340,KBSTAR 중기우량회사채,5,120,14,24,69,1.0,10.0,0.0,0.0,2.91,1.36
27,464240,히어로즈 26-09 회사채(AA-이상)액티브,5,120,14,24,69,1.0,10.0,0.0,0.0,6.91,1.53
27,473290,KODEX 26-12 회사채(AA-이상)액티브,5,120,14,24,69,1.0,10.0,0.0,0.0,6.18,1.28
27,448880,ACE 24-12 회사채(AA-이상)액티브,5,120,14,24,69,1.0,10.0,0.0,0.0,6.77,0.92
27,439860,KODEX ESG종합채권(A-이상)액티브,5,120,14,24,69,1.0,10.0,0.0,0.0,5.42,2.08
27,273140,KODEX 단기변동금리부채권액티브,5,120,14,24,69,1.0,10.0,0.0,0.0,1.87,0.25
27,479080,1Q 머니마켓액티브,5,120,14,24,69,1.0,10.0,0.0,0.0,4.64,0.18
27,476450,히어로즈 머니마켓액티브,5,120,14,24,69,1.0,10.0,0.0,0.0,4.26,0.32
27,451000,ARIRANG 종합채권(AA-이상)액티브,5,120,14,24,69,1.0,10.0,0.0,0.0,5.79,4.81
27,467940,KODEX 25-11 회사채(A+이상)액티브,5,120,14,24,69,1.0,10.0,0.0,0.0,6.88,1.08
27,477050,ARIRANG 머니마켓액티브,5,120,14,24,69,1.0,10.0,0.0,0.0,4.1,0.22
27,469830,SOL 초단기채권액티브,5,120,14,24,69,1.0,10.0,0.0,0.0,4.6,0.21
27,477080,KBSTAR CD금리액티브(합성),5,120,14,24,69,1.0,10.0,0.0,0.0,3.84,0.14
27,196230,KBSTAR 단기통안채,5,120,14,24,69,1.0,10.0,0.0,0.0,1.78,0.21
27,451540,TIGER 종합채권(AA-이상)액티브,5,120,14,24,69,1.0,10.0,0.0,0.0,5.14,4.07
27,272580,TIGER 단기채권액티브,5,120,14,24,69,1.0,10.0,0.0,0.0,1.91,0.22
27,153130,KODEX 단기채권,5,120,14,24,69,1.0,10.0,0.0,0.0,1.93,0.34
27,447820,TIGER 24-10 회사채(A+이상)액티브,5,120,14,24,69,1.0,10.0,0.0,0.0,6.36,1.2
27,476810,KODEX 25-11 은행채(AA-이상)PLUS액티브,5,120,14,24,69,1.0,10.0,0.0,0.0,5.99,0.85
27,453540,TIGER 25-10 회사채(A+이상)액티브,5,120,14,24,69,1.0,10.0,0.0,0.0,4.65,1.46
27,481050,KODEX 1년은행양도성예금증서+액티브(합성),5,120,14,24,69,1.0,10.0,0.0,0.0,3.95,0.15
27,475630,TIGER CD1년금리액티브(합성),5,120,14,24,69,1.0,10.0,0.0,0.0,3.84,0.14
27,214980,KODEX 단기채권PLUS,5,120,14,24,69,1.0,10.0,0.0,0.0,1.81,0.18
27,455890,KBSTAR 머니마켓액티브,5,120,14,24,69,1.0,10.0,0.0,0.0,4.41,0.24
27,470260,TIGER 24-12 금융채(AA-이상),5,120,14,24,69,1.0,10.0,0.0,0.0,4.94,0.35
27,465680,KODEX 24-12 은행채(AA+이상)액티브,5,120,14,24,69,1.0,10.0,0.0,0.0,4.34,0.59
27,273130,KODEX 종합채권(AA-이상)액티브,5,120,14,24,69,1.0,10.0,0.0,0.0,1.74,3.05
27,449170,TIGER KOFR금리액티브(합성),5,120,14,24,69,1.0,10.0,0.0,0.0,3.65,0.15
27,423160,KODEX KOFR금리액티브(합성),5,120,14,24,69,1.0,10.0,0.0,0.0,3.32,0.13
27,464540,KBSTAR 25-03 회사채(AA-이상)액티브,5,120,14,24,69,1.0,10.0,0.0,0.0,4.95,0.55
27,272560,KBSTAR 단기국공채액티브,5,120,14,24,69,1.0,10.0,0.0,0.0,2.0,0.36
27,463290,1Q 단기금융채액티브,5,120,14,24,69,1.0,10.0,0.0,0.0,4.58,0.26
27,472920,HK 종합채권(AA-이상)액티브,5,120,14,24,69,1.0,10.0,0.0,0.0,8.83,3.31
27,475270,ACE 5월만기자동연장회사채AA-이상액티브,5,120,14,24,69,1.0,10.0,0.0,0.0,4.37,0.5
27,465780,마이티 26-09 특수채(AAA)액티브,5,120,14,24,69,1.0,10.0,0.0,0.0,7.41,1.64
27,483230,KBSTAR 25-06 은행채(AA+이상)액티브,5,120,14,24,69,1.0,10.0,0.0,0.0,5.93,0.36
27,448600,KBSTAR 25-11 회사채(AA-이상)액티브,5,120,14,24,69,1.0,10.0,0.0,0.0,7.4,1.89
27,419890,히어로즈 단기채권ESG액티브,5,120,14,24,69,1.0,10.0,0.0,0.0,3.59,0.58
27,453010,ARIRANG KOFR금리,5,120,14,24,69,1.0,10.0,0.0,0.0,3.57,0.15
27,461260,ACE 25-06 회사채(AA-이상)액티브,5,120,14,24,69,1.0,10.0,0.0,0.0,5.26,0.97
27,130730,KOSEF 단기자금,5,120,14,24,69,1.0,10.0,0.0,0.0,2.2,0.45
27,282000,KBSTAR 국고채3년선물인버스,5,120,14,24,69,1.0,10.0,0.0,0.0,1.3,2.16
27,468820,WOORI 25-09 회사채(AA-이상)액티브,5,120,14,24,69,1.0,10.0,0.0,0.0,8.41,0.74
27,470320,BNK 24-11 회사채(AA-이상)액티브,5,120,14,24,69,1.0,10.0,0.0,0.0,5.25,0.29
27,466400,1Q 25-08 회사채(A+이상)액티브,5,120,14,24,69,1.0,10.0,0.0,0.0,6.78,0.86
27,458210,히어로즈 CD금리액티브(합성),5,120,14,24,69,1.0,10.0,0.0,0.0,3.67,0.26
27,438330,TIGER 투자등급회사채액티브,5,120,14,24,69,1.0,10.0,0.0,0.0,6.21,2.23
27,475260,ACE 2월만기자동연장회사채AA-이상액티브,5,120,14,24,69,1.0,10.0,0.0,0.0,4.6,0.5
27,385550,KBSTAR 단기종합채권(AA-이상)액티브,5,120,14,24,69,1.0,10.0,0.0,0.0,2.84,0.35
27,484890,SOL 머니마켓액티브,5,120,14,24,69,1.0,10.0,0.0,0.0,4.14,0.12
27,473440,ACE 11월만기자동연장회사채AA-이상액티브,5,120,14,24,69,1.0,10.0,0.0,0.0,4.59,1.79
27,480260,TIGER 27-04회사채(A+이상)액티브,5,120,14,24,69,1.0,10.0,0.0,0.0,9.38,1.19
27,462540,SOL 25-09 회사채(AA-이상)액티브,5,120,14,24,69,1.0,10.0,0.0,0.0,5.7,1.01
27,278620,ARIRANG 단기채권액티브,5,120,14,24,69,1.0,10.0,0.0,0.0,1.94,0.42
27,464230,히어로즈 24-09 회사채(AA-이상)액티브,5,120,14,24,69,1.0,10.0,0.0,0.0,4.18,0.38
27,454780,히어로즈 종합채권(AA-이상)액티브,5,120,14,24,69,1.0,10.0,0.0,0.0,4.98,4.32
27,190620,ACE 단기통안채,5,120,14,24,69,1.0,10.0,0.0,0.0,1.77,0.13
27,461270,ACE 26-06 회사채(AA-이상)액티브,5,120,14,24,69,1.0,10.0,0.0,0.0,6.29,1.4
27,469820,SOL 24-12 회사채(AA-이상)액티브,5,120,14,24,69,1.0,10.0,0.0,0.0,5.13,0.34
27,462540,SOL 25-09 회사채(AA-이상)액티브,5,120,14,24,74,1.0,10.0,0.0,0.0,5.7,1.01
27,473440,ACE 11월만기자동연장회사채AA-이상액티브,5,120,14,24,74,1.0,10.0,0.0,0.0,4.59,1.79
27,459580,KODEX CD금리액티브(합성),5,120,14,24,69,1.0,10.0,0.0,0.0,3.81,0.15
27,282000,KBSTAR 국고채3년선물인버스,5,120,14,24,79,1.0,10.0,0.0,0.0,1.3,2.16
27,470320,BNK 24-11 회사채(AA-이상)액티브,5,120,14,24,79,1.0,10.0,0.0,0.0,5.25,0.29
27,466400,1Q 25-08 회사채(A+이상)액티브,5,120,14,24,79,1.0,10.0,0.0,0.0,6.78,0.86
27,472920,HK 종합채권(AA-이상)액티브,5,120,14,24,79,1.0,10.0,0.0,0.0,8.83,3.31
27,458210,히어로즈 CD금리액티브(합성),5,120,14,24,79,1.0,10.0,0.0,0.0,3.67,0.26
27,475260,ACE 2월만기자동연장회사채AA-이상액티브,5,120,14,24,79,1.0,10.0,0.0,0.0,4.6,0.5
27,385550,KBSTAR 단기종합채권(AA-이상)액티브,5,120,14,24,79,1.0,10.0,0.0,0.0,2.84,0.35
27,484890,SOL 머니마켓액티브,5,120,14,24,79,1.0,10.0,0.0,0.0,4.14,0.12
27,473440,ACE 11월만기자동연장회사채AA-이상액티브,5,120,14,24,79,1.0,10.0,0.0,0.0,4.59,1.79
27,480260,TIGER 27-04회사채(A+이상)액티브,5,120,14,24,79,1.0,10.0,0.0,0.0,9.38,1.19
27,462540,SOL 25-09 회사채(AA-이상)액티브,5,120,14,24,79,1.0,10.0,0.0,0.0,5.7,1.01
27,278620,ARIRANG 단기채권액티브,5,120,14,24,79,1.0,10.0,0.0,0.0,1.94,0.42
27,464230,히어로즈 24-09 회사채(AA-이상)액티브,5,120,14,24,79,1.0,10.0,0.0,0.0,4.18,0.38
27,454780,히어로즈 종합채권(AA-이상)액티브,5,120,14,24,79,1.0,10.0,0.0,0.0,4.98,4.32
27,190620,ACE 단기통안채,5,120,14,24,79,1.0,10.0,0.0,0.0,1.77,0.13
27,461270,ACE 26-06 회사채(AA-이상)액티브,5,120,14,24,79,1.0,10.0,0.0,0.0,6.29,1.4
27,469820,SOL 24-12 회사채(AA-이상)액티브,5,120,14,24,79,1.0,10.0,0.0,0.0,5.13,0.34
27,438330,TIGER 투자등급회사채액티브,5,120,14,24,79,1.0,10.0,0.0,0.0,6.21,2.23
27,463290,1Q 단기금융채액티브,5,120,14,24,79,1.0,10.0,0.0,0.0,4.58,0.26
27,272560,KBSTAR 단기국공채액티브,5,120,14,24,79,1.0,10.0,0.0,0.0,2.0,0.36
27,464540,KBSTAR 25-03 회사채(AA-이상)액티브,5,120,14,24,79,1.0,10.0,0.0,0.0,4.95,0.55
27,473290,KODEX 26-12 회사채(AA-이상)액티브,5,120,14,24,79,1.0,10.0,0.0,0.0,6.18,1.28
27,448880,ACE 24-12 회사채(AA-이상)액티브,5,120,14,24,79,1.0,10.0,0.0,0.0,6.77,0.92
27,439860,KODEX ESG종합채권(A-이상)액티브,5,120,14,24,79,1.0,10.0,0.0,0.0,5.42,2.08
27,273140,KODEX 단기변동금리부채권액티브,5,120,14,24,79,1.0,10.0,0.0,0.0,1.87,0.25
27,479080,1Q 머니마켓액티브,5,120,14,24,79,1.0,10.0,0.0,0.0,4.64,0.18
27,476450,히어로즈 머니마켓액티브,5,120,14,24,79,1.0,10.0,0.0,0.0,4.26,0.32
27,451000,ARIRANG 종합채권(AA-이상)액티브,5,120,14,24,79,1.0,10.0,0.0,0.0,5.79,4.81
27,468820,WOORI 25-09 회사채(AA-이상)액티브,5,120,14,24,79,1.0,10.0,0.0,0.0,8.41,0.74
27,130730,KOSEF 단기자금,5,120,14,24,79,1.0,10.0,0.0,0.0,2.2,0.45
27,484890,SOL 머니마켓액티브,5,120,14,24,74,1.0,10.0,0.0,0.0,4.14,0.12
27,461260,ACE 25-06 회사채(AA-이상)액티브,5,120,14,24,79,1.0,10.0,0.0,0.0,5.26,0.97
27,292770,KODEX 국채선물3년인버스,5,120,14,24,79,1.0,10.0,0.0,0.0,1.42,2.17
27,432600,KBSTAR 국채선물3년,5,120,14,24,79,1.0,10.0,0.0,0.0,3.76,3.69
27,430500,KOSEF 물가채KIS,5,120,14,24,79,1.0,10.0,0.0,0.0,6.8,4.65
27,471290,HANARO CD금리액티브(합성),5,120,14,24,79,1.0,10.0,0.0,0.0,3.65,0.18
27,453060,HANARO KOFR금리액티브(합성),5,120,14,24,79,1.0,10.0,0.0,0.0,3.72,0.17
27,114470,KOSEF 국고채3년,5,120,14,24,79,1.0,10.0,0.0,0.0,2.86,1.75
27,272570,KBSTAR 중장기국공채액티브,5,120,14,24,79,1.0,10.0,0.0,0.0,1.75,2.88
27,239660,ARIRANG 우량회사채50 1년,5,120,14,24,79,1.0,10.0,0.0,0.0,1.89,0.52
27,438560,SOL 국고채3년,5,120,14,24,79,1.0,10.0,0.0,0.0,4.29,2.83
27,475280,ACE 8월만기자동연장회사채AA-이상액티브,5,120,14,24,79,1.0,10.0,0.0,0.0,4.02,0.51
27,363510,SOL KIS단기통안채,5,120,14,24,79,1.0,10.0,0.0,0.0,1.95,0.29
27,114100,KBSTAR 국고채3년,5,120,14,24,79,1.0,10.0,0.0,0.0,2.88,1.8
27,336160,KBSTAR 금융채액티브,5,120,14,24,79,1.0,10.0,0.0,0.0,1.94,2.03
27,272910,ACE 중장기국공채액티브,5,120,14,24,79,1.0,10.0,0.0,0.0,1.75,2.49
27,458030,WOORI 단기국공채액티브,5,120,14,24,79,1.0,10.0,0.0,0.0,3.98,0.24
27,122260,KOSEF 통안채1년,5,120,14,24,79,1.0,10.0,0.0,0.0,2.39,1.33
27,479520,KBSTAR KOFR금리액티브(합성),5,120,14,24,79,1.0,10.0,0.0,0.0,3.69,0.15
27,397410,KBSTAR 국채선물5년추종인버스,5,120,14,24,79,1.0,10.0,0.0,0.0,4.11,4.48
27,440640,ACE 단기채권알파액티브,5,120,14,24,79,1.0,10.0,0.0,0.0,3.81,0.34
27,136340,KBSTAR 중기우량회사채,5,120,14,24,79,1.0,10.0,0.0,0.0,2.91,1.36
27,464240,히어로즈 26-09 회사채(AA-이상)액티브,5,120,14,24,79,1.0,10.0,0.0,0.0,6.91,1.53
27,475270,ACE 5월만기자동연장회사채AA-이상액티브,5,120,14,24,79,1.0,10.0,0.0,0.0,4.37,0.5
27,465780,마이티 26-09 특수채(AAA)액티브,5,120,14,24,79,1.0,10.0,0.0,0.0,7.41,1.64
27,483230,KBSTAR 25-06 은행채(AA+이상)액티브,5,120,14,24,79,1.0,10.0,0.0,0.0,5.93,0.36
27,448600,KBSTAR 25-11 회사채(AA-이상)액티브,5,120,14,24,79,1.0,10.0,0.0,0.0,7.4,1.89
27,419890,히어로즈 단기채권ESG액티브,5,120,14,24,79,1.0,10.0,0.0,0.0,3.59,0.58
27,453010,ARIRANG KOFR금리,5,120,14,24,79,1.0,10.0,0.0,0.0,3.57,0.15
27,467940,KODEX 25-11 회사채(A+이상)액티브,5,120,14,24,79,1.0,10.0,0.0,0.0,6.88,1.08
27,477050,ARIRANG 머니마켓액티브,5,120,14,24,79,1.0,10.0,0.0,0.0,4.1,0.22
27,469830,SOL 초단기채권액티브,5,120,14,24,79,1.0,10.0,0.0,0.0,4.6,0.21
27,477080,KBSTAR CD금리액티브(합성),5,120,14,24,79,1.0,10.0,0.0,0.0,3.84,0.14
27,363510,SOL KIS단기통안채,5,120,14,24,74,1.0,10.0,0.0,0.0,1.95,0.29
27,114100,KBSTAR 국고채3년,5,120,14,24,74,1.0,10.0,0.0,0.0,2.88,1.8
27,336160,KBSTAR 금융채액티브,5,120,14,24,74,1.0,10.0,0.0,0.0,1.94,2.03
27,272910,ACE 중장기국공채액티브,5,120,14,24,74,1.0,10.0,0.0,0.0,1.75,2.49
27,458030,WOORI 단기국공채액티브,5,120,14,24,74,1.0,10.0,0.0,0.0,3.98,0.24
27,122260,KOSEF 통안채1년,5,120,14,24,74,1.0,10.0,0.0,0.0,2.39,1.33
27,479520,KBSTAR KOFR금리액티브(합성),5,120,14,24,74,1.0,10.0,0.0,0.0,3.69,0.15
27,397410,KBSTAR 국채선물5년추종인버스,5,120,14,24,74,1.0,10.0,0.0,0.0,4.11,4.48
27,440640,ACE 단기채권알파액티브,5,120,14,24,74,1.0,10.0,0.0,0.0,3.81,0.34
27,136340,KBSTAR 중기우량회사채,5,120,14,24,74,1.0,10.0,0.0,0.0,2.91,1.36
27,464240,히어로즈 26-09 회사채(AA-이상)액티브,5,120,14,24,74,1.0,10.0,0.0,0.0,6.91,1.53
27,475270,ACE 5월만기자동연장회사채AA-이상액티브,5,120,14,24,74,1.0,10.0,0.0,0.0,4.37,0.5
27,465780,마이티 26-09 특수채(AAA)액티브,5,120,14,24,74,1.0,10.0,0.0,0.0,7.41,1.64
27,483230,KBSTAR 25-06 은행채(AA+이상)액티브,5,120,14,24,74,1.0,10.0,0.0,0.0,5.93,0.36
27,448600,KBSTAR 25-11 회사채(AA-이상)액티브,5,120,14,24,74,1.0,10.0,0.0,0.0,7.4,1.89
27,419890,히어로즈 단기채권ESG액티브,5,120,14,24,74,1.0,10.0,0.0,0.0,3.59,0.58
27,453010,ARIRANG KOFR금리,5,120,14,24,74,1.0,10.0,0.0,0.0,3.57,0.15
27,461260,ACE 25-06 회사채(AA-이상)액티브,5,120,14,24,74,1.0,10.0,0.0,0.0,5.26,0.97
27,130730,KOSEF 단기자금,5,120,14,24,74,1.0,10.0,0.0,0.0,2.2,0.45
27,282000,KBSTAR 국고채3년선물인버스,5,120,14,24,74,1.0,10.0,0.0,0.0,1.3,2.16
27,468820,WOORI 25-09 회사채(AA-이상)액티브,5,120,14,24,74,1.0,10.0,0.0,0.0,8.41,0.74
27,470320,BNK 24-11 회사채(AA-이상)액티브,5,120,14,24,74,1.0,10.0,0.0,0.0,5.25,0.29
27,466400,1Q 25-08 회사채(A+이상)액티브,5,120,14,24,74,1.0,10.0,0.0,0.0,6.78,0.86
27,472920,HK 종합채권(AA-이상)액티브,5,120,14,24,74,1.0,10.0,0.0,0.0,8.83,3.31
27,458210,히어로즈 CD금리액티브(합성),5,120,14,24,74,1.0,10.0,0.0,0.0,3.67,0.26
27,475260,ACE 2월만기자동연장회사채AA-이상액티브,5,120,14,24,74,1.0,10.0,0.0,0.0,4.6,0.5
27,385550,KBSTAR 단기종합채권(AA-이상)액티브,5,120,14,24,74,1.0,10.0,0.0,0.0,2.84,0.35
27,475280,ACE 8월만기자동연장회사채AA-이상액티브,5,120,14,24,74,1.0,10.0,0.0,0.0,4.02,0.51
27,438560,SOL 국고채3년,5,120,14,24,74,1.0,10.0,0.0,0.0,4.29,2.83
27,239660,ARIRANG 우량회사채50 1년,5,120,14,24,74,1.0,10.0,0.0,0.0,1.89,0.52
27,465680,KODEX 24-12 은행채(AA+이상)액티브,5,120,14,24,79,1.0,10.0,0.0,0.0,4.34,0.59
27,196230,KBSTAR 단기통안채,5,120,14,24,79,1.0,10.0,0.0,0.0,1.78,0.21
27,451540,TIGER 종합채권(AA-이상)액티브,5,120,14,24,79,1.0,10.0,0.0,0.0,5.14,4.07
27,272580,TIGER 단기채권액티브,5,120,14,24,79,1.0,10.0,0.0,0.0,1.91,0.22
27,153130,KODEX 단기채권,5,120,14,24,79,1.0,10.0,0.0,0.0,1.93,0.34
27,447820,TIGER 24-10 회사채(A+이상)액티브,5,120,14,24,79,1.0,10.0,0.0,0.0,6.36,1.2
27,476810,KODEX 25-11 은행채(AA-이상)PLUS액티브,5,120,14,24,79,1.0,10.0,0.0,0.0,5.99,0.85
27,453540,TIGER 25-10 회사채(A+이상)액티브,5,120,14,24,79,1.0,10.0,0.0,0.0,4.65,1.46
27,481050,KODEX 1년은행양도성예금증서+액티브(합성),5,120,14,24,79,1.0,10.0,0.0,0.0,3.95,0.15
27,475630,TIGER CD1년금리액티브(합성),5,120,14,24,79,1.0,10.0,0.0,0.0,3.84,0.14
27,214980,KODEX 단기채권PLUS,5,120,14,24,79,1.0,10.0,0.0,0.0,1.81,0.18
27,455890,KBSTAR 머니마켓액티브,5,120,14,24,79,1.0,10.0,0.0,0.0,4.41,0.24
27,470260,TIGER 24-12 금융채(AA-이상),5,120,14,24,79,1.0,10.0,0.0,0.0,4.94,0.35
27,273130,KODEX 종합채권(AA-이상)액티브,5,120,14,24,79,1.0,10.0,0.0,0.0,1.74,3.05
27,272570,KBSTAR 중장기국공채액티브,5,120,14,24,74,1.0,10.0,0.0,0.0,1.75,2.88
27,449170,TIGER KOFR금리액티브(합성),5,120,14,24,79,1.0,10.0,0.0,0.0,3.65,0.15
27,423160,KODEX KOFR금리액티브(합성),5,120,14,24,79,1.0,10.0,0.0,0.0,3.32,0.13
27,357870,TIGER CD금리투자KIS(합성),5,120,14,24,79,1.0,10.0,0.0,0.0,2.24,0.23
27,459580,KODEX CD금리액티브(합성),5,120,14,24,79,1.0,10.0,0.0,0.0,3.81,0.15
27,390950,HANARO 단기채권액티브,5,120,14,24,74,1.0,10.0,0.0,0.0,2.34,0.27
27,298340,ARIRANG 국채선물3년,5,120,14,24,74,1.0,10.0,0.0,0.0,1.64,2.08
27,292770,KODEX 국채선물3년인버스,5,120,14,24,74,1.0,10.0,0.0,0.0,1.42,2.17
27,432600,KBSTAR 국채선물3년,5,120,14,24,74,1.0,10.0,0.0,0.0,3.76,3.69
27,430500,KOSEF 물가채KIS,5,120,14,24,74,1.0,10.0,0.0,0.0,6.8,4.65
27,471290,HANARO CD금리액티브(합성),5,120,14,24,74,1.0,10.0,0.0,0.0,3.65,0.18
27,453060,HANARO KOFR금리액티브(합성),5,120,14,24,74,1.0,10.0,0.0,0.0,3.72,0.17
27,114470,KOSEF 국고채3년,5,120,14,24,74,1.0,10.0,0.0,0.0,2.86,1.75
27,357870,TIGER CD금리투자KIS(합성),5,120,14,24,69,1.0,10.0,0.0,0.0,2.24,0.23
27,390950,HANARO 단기채권액티브,5,120,14,24,64,1.0,10.0,0.0,0.0,2.34,0.27
27,357870,TIGER CD금리투자KIS(합성),5,120,14,24,54,1.0,10.0,0.0,0.0,2.24,0.23
27,475630,TIGER CD1년금리액티브(합성),5,120,14,24,59,1.0,10.0,0.0,0.0,3.84,0.14
27,455890,KBSTAR 머니마켓액티브,5,120,14,24,59,1.0,10.0,0.0,0.0,4.41,0.24
27,470260,TIGER 24-12 금융채(AA-이상),5,120,14,24,59,1.0,10.0,0.0,0.0,4.94,0.35
27,465680,KODEX 24-12 은행채(AA+이상)액티브,5,120,14,24,59,1.0,10.0,0.0,0.0,4.34,0.59
27,273130,KODEX 종합채권(AA-이상)액티브,5,120,14,24,59,1.0,10.0,0.0,0.0,1.74,3.05
27,449170,TIGER KOFR금리액티브(합성),5,120,14,24,59,1.0,10.0,0.0,0.0,3.65,0.15
27,423160,KODEX KOFR금리액티브(합성),5,120,14,24,59,1.0,10.0,0.0,0.0,3.32,0.13
27,357870,TIGER CD금리투자KIS(합성),5,120,14,24,59,1.0,10.0,0.0,0.0,2.24,0.23
27,459580,KODEX CD금리액티브(합성),5,120,14,24,59,1.0,10.0,0.0,0.0,3.81,0.15
27,390950,HANARO 단기채권액티브,5,120,14,24,54,1.0,10.0,0.0,0.0,2.34,0.27
27,298340,ARIRANG 국채선물3년,5,120,14,24,54,1.0,10.0,0.0,0.0,1.64,2.08
27,292770,KODEX 국채선물3년인버스,5,120,14,24,54,1.0,10.0,0.0,0.0,1.42,2.17
27,432600,KBSTAR 국채선물3년,5,120,14,24,54,1.0,10.0,0.0,0.0,3.76,3.69
27,430500,KOSEF 물가채KIS,5,120,14,24,54,1.0,10.0,0.0,0.0,6.8,4.65
27,471290,HANARO CD금리액티브(합성),5,120,14,24,54,1.0,10.0,0.0,0.0,3.65,0.18
27,453060,HANARO KOFR금리액티브(합성),5,120,14,24,54,1.0,10.0,0.0,0.0,3.72,0.17
27,114470,KOSEF 국고채3년,5,120,14,24,54,1.0,10.0,0.0,0.0,2.86,1.75
27,272570,KBSTAR 중장기국공채액티브,5,120,14,24,54,1.0,10.0,0.0,0.0,1.75,2.88
27,239660,ARIRANG 우량회사채50 1년,5,120,14,24,54,1.0,10.0,0.0,0.0,1.89,0.52
27,438560,SOL 국고채3년,5,120,14,24,54,1.0,10.0,0.0,0.0,4.29,2.83
27,475280,ACE 8월만기자동연장회사채AA-이상액티브,5,120,14,24,54,1.0,10.0,0.0,0.0,4.02,0.51
27,363510,SOL KIS단기통안채,5,120,14,24,54,1.0,10.0,0.0,0.0,1.95,0.29
27,114100,KBSTAR 국고채3년,5,120,14,24,54,1.0,10.0,0.0,0.0,2.88,1.8
27,336160,KBSTAR 금융채액티브,5,120,14,24,54,1.0,10.0,0.0,0.0,1.94,2.03
27,272910,ACE 중장기국공채액티브,5,120,14,24,54,1.0,10.0,0.0,0.0,1.75,2.49
27,458030,WOORI 단기국공채액티브,5,120,14,24,54,1.0,10.0,0.0,0.0,3.98,0.24
27,122260,KOSEF 통안채1년,5,120,14,24,54,1.0,10.0,0.0,0.0,2.39,1.33
27,479520,KBSTAR KOFR금리액티브(합성),5,120,14,24,54,1.0,10.0,0.0,0.0,3.69,0.15
27,214980,KODEX 단기채권PLUS,5,120,14,24,59,1.0,10.0,0.0,0.0,1.81,0.18
27,481050,KODEX 1년은행양도성예금증서+액티브(합성),5,120,14,24,59,1.0,10.0,0.0,0.0,3.95,0.15
27,480260,TIGER 27-04회사채(A+이상)액티브,5,120,14,24,59,1.0,10.0,0.0,0.0,9.38,1.19
27,453540,TIGER 25-10 회사채(A+이상)액티브,5,120,14,24,59,1.0,10.0,0.0,0.0,4.65,1.46
27,278620,ARIRANG 단기채권액티브,5,120,14,24,59,1.0,10.0,0.0,0.0,1.94,0.42
27,464230,히어로즈 24-09 회사채(AA-이상)액티브,5,120,14,24,59,1.0,10.0,0.0,0.0,4.18,0.38
27,454780,히어로즈 종합채권(AA-이상)액티브,5,120,14,24,59,1.0,10.0,0.0,0.0,4.98,4.32
27,190620,ACE 단기통안채,5,120,14,24,59,1.0,10.0,0.0,0.0,1.77,0.13
27,461270,ACE 26-06 회사채(AA-이상)액티브,5,120,14,24,59,1.0,10.0,0.0,0.0,6.29,1.4
27,469820,SOL 24-12 회사채(AA-이상)액티브,5,120,14,24,59,1.0,10.0,0.0,0.0,5.13,0.34
27,438330,TIGER 투자등급회사채액티브,5,120,14,24,59,1.0,10.0,0.0,0.0,6.21,2.23
27,463290,1Q 단기금융채액티브,5,120,14,24,59,1.0,10.0,0.0,0.0,4.58,0.26
27,272560,KBSTAR 단기국공채액티브,5,120,14,24,59,1.0,10.0,0.0,0.0,2.0,0.36
27,464540,KBSTAR 25-03 회사채(AA-이상)액티브,5,120,14,24,59,1.0,10.0,0.0,0.0,4.95,0.55
27,473290,KODEX 26-12 회사채(AA-이상)액티브,5,120,14,24,59,1.0,10.0,0.0,0.0,6.18,1.28
27,448880,ACE 24-12 회사채(AA-이상)액티브,5,120,14,24,59,1.0,10.0,0.0,0.0,6.77,0.92
27,439860,KODEX ESG종합채권(A-이상)액티브,5,120,14,24,59,1.0,10.0,0.0,0.0,5.42,2.08
27,273140,KODEX 단기변동금리부채권액티브,5,120,14,24,59,1.0,10.0,0.0,0.0,1.87,0.25
27,479080,1Q 머니마켓액티브,5,120,14,24,59,1.0,10.0,0.0,0.0,4.64,0.18
27,476450,히어로즈 머니마켓액티브,5,120,14,24,59,1.0,10.0,0.0,0.0,4.26,0.32
27,451000,ARIRANG 종합채권(AA-이상)액티브,5,120,14,24,59,1.0,10.0,0.0,0.0,5.79,4.81
27,467940,KODEX 25-11 회사채(A+이상)액티브,5,120,14,24,59,1.0,10.0,0.0,0.0,6.88,1.08
27,477050,ARIRANG 머니마켓액티브,5,120,14,24,59,1.0,10.0,0.0,0.0,4.1,0.22
27,469830,SOL 초단기채권액티브,5,120,14,24,59,1.0,10.0,0.0,0.0,4.6,0.21
27,477080,KBSTAR CD금리액티브(합성),5,120,14,24,59,1.0,10.0,0.0,0.0,3.84,0.14
27,196230,KBSTAR 단기통안채,5,120,14,24,59,1.0,10.0,0.0,0.0,1.78,0.21
27,451540,TIGER 종합채권(AA-이상)액티브,5,120,14,24,59,1.0,10.0,0.0,0.0,5.14,4.07
27,272580,TIGER 단기채권액티브,5,120,14,24,59,1.0,10.0,0.0,0.0,1.91,0.22
27,153130,KODEX 단기채권,5,120,14,24,59,1.0,10.0,0.0,0.0,1.93,0.34
27,447820,TIGER 24-10 회사채(A+이상)액티브,5,120,14,24,59,1.0,10.0,0.0,0.0,6.36,1.2
27,476810,KODEX 25-11 은행채(AA-이상)PLUS액티브,5,120,14,24,59,1.0,10.0,0.0,0.0,5.99,0.85
27,397410,KBSTAR 국채선물5년추종인버스,5,120,14,24,54,1.0,10.0,0.0,0.0,4.11,4.48
27,440640,ACE 단기채권알파액티브,5,120,14,24,54,1.0,10.0,0.0,0.0,3.81,0.34
27,136340,KBSTAR 중기우량회사채,5,120,14,24,54,1.0,10.0,0.0,0.0,2.91,1.36
27,464240,히어로즈 26-09 회사채(AA-이상)액티브,5,120,14,24,54,1.0,10.0,0.0,0.0,6.91,1.53
27,473290,KODEX 26-12 회사채(AA-이상)액티브,5,120,14,24,54,1.0,10.0,0.0,0.0,6.18,1.28
27,448880,ACE 24-12 회사채(AA-이상)액티브,5,120,14,24,54,1.0,10.0,0.0,0.0,6.77,0.92
27,439860,KODEX ESG종합채권(A-이상)액티브,5,120,14,24,54,1.0,10.0,0.0,0.0,5.42,2.08
27,273140,KODEX 단기변동금리부채권액티브,5,120,14,24,54,1.0,10.0,0.0,0.0,1.87,0.25
27,479080,1Q 머니마켓액티브,5,120,14,24,54,1.0,10.0,0.0,0.0,4.64,0.18
27,476450,히어로즈 머니마켓액티브,5,120,14,24,54,1.0,10.0,0.0,0.0,4.26,0.32
27,451000,ARIRANG 종합채권(AA-이상)액티브,5,120,14,24,54,1.0,10.0,0.0,0.0,5.79,4.81
27,467940,KODEX 25-11 회사채(A+이상)액티브,5,120,14,24,54,1.0,10.0,0.0,0.0,6.88,1.08
27,477050,ARIRANG 머니마켓액티브,5,120,14,24,54,1.0,10.0,0.0,0.0,4.1,0.22
27,469830,SOL 초단기채권액티브,5,120,14,24,54,1.0,10.0,0.0,0.0,4.6,0.21
27,477080,KBSTAR CD금리액티브(합성),5,120,14,24,54,1.0,10.0,0.0,0.0,3.84,0.14
27,196230,KBSTAR 단기통안채,5,120,14,24,54,1.0,10.0,0.0,0.0,1.78,0.21
27,451540,TIGER 종합채권(AA-이상)액티브,5,120,14,24,54,1.0,10.0,0.0,0.0,5.14,4.07
27,272580,TIGER 단기채권액티브,5,120,14,24,54,1.0,10.0,0.0,0.0,1.91,0.22
27,153130,KODEX 단기채권,5,120,14,24,54,1.0,10.0,0.0,0.0,1.93,0.34
27,447820,TIGER 24-10 회사채(A+이상)액티브,5,120,14,24,54,1.0,10.0,0.0,0.0,6.36,1.2
27,476810,KODEX 25-11 은행채(AA-이상)PLUS액티브,5,120,14,24,54,1.0,10.0,0.0,0.0,5.99,0.85
27,453540,TIGER 25-10 회사채(A+이상)액티브,5,120,14,24,54,1.0,10.0,0.0,0.0,4.65,1.46
27,481050,KODEX 1년은행양도성예금증서+액티브(합성),5,120,14,24,54,1.0,10.0,0.0,0.0,3.95,0.15
27,475630,TIGER CD1년금리액티브(합성),5,120,14,24,54,1.0,10.0,0.0,0.0,3.84,0.14
27,214980,KODEX 단기채권PLUS,5,120,14,24,54,1.0,10.0,0.0,0.0,1.81,0.18
27,455890,KBSTAR 머니마켓액티브,5,120,14,24,54,1.0,10.0,0.0,0.0,4.41,0.24
27,470260,TIGER 24-12 금융채(AA-이상),5,120,14,24,54,1.0,10.0,0.0,0.0,4.94,0.35
27,465680,KODEX 24-12 은행채(AA+이상)액티브,5,120,14,24,54,1.0,10.0,0.0,0.0,4.34,0.59
27,273130,KODEX 종합채권(AA-이상)액티브,5,120,14,24,54,1.0,10.0,0.0,0.0,1.74,3.05
27,449170,TIGER KOFR금리액티브(합성),5,120,14,24,54,1.0,10.0,0.0,0.0,3.65,0.15
27,423160,KODEX KOFR금리액티브(합성),5,120,14,24,54,1.0,10.0,0.0,0.0,3.32,0.13
27,464540,KBSTAR 25-03 회사채(AA-이상)액티브,5,120,14,24,54,1.0,10.0,0.0,0.0,4.95,0.55
27,272560,KBSTAR 단기국공채액티브,5,120,14,24,54,1.0,10.0,0.0,0.0,2.0,0.36
27,463290,1Q 단기금융채액티브,5,120,14,24,54,1.0,10.0,0.0,0.0,4.58,0.26
27,472920,HK 종합채권(AA-이상)액티브,5,120,14,24,54,1.0,10.0,0.0,0.0,8.83,3.31
27,475270,ACE 5월만기자동연장회사채AA-이상액티브,5,120,14,24,54,1.0,10.0,0.0,0.0,4.37,0.5
27,465780,마이티 26-09 특수채(AAA)액티브,5,120,14,24,54,1.0,10.0,0.0,0.0,7.41,1.64
27,483230,KBSTAR 25-06 은행채(AA+이상)액티브,5,120,14,24,54,1.0,10.0,0.0,0.0,5.93,0.36
27,448600,KBSTAR 25-11 회사채(AA-이상)액티브,5,120,14,24,54,1.0,10.0,0.0,0.0,7.4,1.89
27,419890,히어로즈 단기채권ESG액티브,5,120,14,24,54,1.0,10.0,0.0,0.0,3.59,0.58
27,453010,ARIRANG KOFR금리,5,120,14,24,54,1.0,10.0,0.0,0.0,3.57,0.15
27,461260,ACE 25-06 회사채(AA-이상)액티브,5,120,14,24,54,1.0,10.0,0.0,0.0,5.26,0.97
27,130730,KOSEF 단기자금,5,120,14,24,54,1.0,10.0,0.0,0.0,2.2,0.45
27,282000,KBSTAR 국고채3년선물인버스,5,120,14,24,54,1.0,10.0,0.0,0.0,1.3,2.16
27,468820,WOORI 25-09 회사채(AA-이상)액티브,5,120,14,24,54,1.0,10.0,0.0,0.0,8.41,0.74
27,470320,BNK 24-11 회사채(AA-이상)액티브,5,120,14,24,54,1.0,10.0,0.0,0.0,5.25,0.29
27,466400,1Q 25-08 회사채(A+이상)액티브,5,120,14,24,54,1.0,10.0,0.0,0.0,6.78,0.86
27,458210,히어로즈 CD금리액티브(합성),5,120,14,24,54,1.0,10.0,0.0,0.0,3.67,0.26
27,438330,TIGER 투자등급회사채액티브,5,120,14,24,54,1.0,10.0,0.0,0.0,6.21,2.23
27,475260,ACE 2월만기자동연장회사채AA-이상액티브,5,120,14,24,54,1.0,10.0,0.0,0.0,4.6,0.5
27,385550,KBSTAR 단기종합채권(AA-이상)액티브,5,120,14,24,54,1.0,10.0,0.0,0.0,2.84,0.35
27,484890,SOL 머니마켓액티브,5,120,14,24,54,1.0,10.0,0.0,0.0,4.14,0.12
27,473440,ACE 11월만기자동연장회사채AA-이상액티브,5,120,14,24,54,1.0,10.0,0.0,0.0,4.59,1.79
27,480260,TIGER 27-04회사채(A+이상)액티브,5,120,14,24,54,1.0,10.0,0.0,0.0,9.38,1.19
27,462540,SOL 25-09 회사채(AA-이상)액티브,5,120,14,24,54,1.0,10.0,0.0,0.0,5.7,1.01
27,278620,ARIRANG 단기채권액티브,5,120,14,24,54,1.0,10.0,0.0,0.0,1.94,0.42
27,464230,히어로즈 24-09 회사채(AA-이상)액티브,5,120,14,24,54,1.0,10.0,0.0,0.0,4.18,0.38
27,454780,히어로즈 종합채권(AA-이상)액티브,5,120,14,24,54,1.0,10.0,0.0,0.0,4.98,4.32
27,190620,ACE 단기통안채,5,120,14,24,54,1.0,10.0,0.0,0.0,1.77,0.13
27,461270,ACE 26-06 회사채(AA-이상)액티브,5,120,14,24,54,1.0,10.0,0.0,0.0,6.29,1.4
27,469820,SOL 24-12 회사채(AA-이상)액티브,5,120,14,24,54,1.0,10.0,0.0,0.0,5.13,0.34
27,462540,SOL 25-09 회사채(AA-이상)액티브,5,120,14,24,59,1.0,10.0,0.0,0.0,5.7,1.01
27,473440,ACE 11월만기자동연장회사채AA-이상액티브,5,120,14,24,59,1.0,10.0,0.0,0.0,4.59,1.79
27,298340,ARIRANG 국채선물3년,5,120,14,24,64,1.0,10.0,0.0,0.0,1.64,2.08
27,282000,KBSTAR 국고채3년선물인버스,5,120,14,24,64,1.0,10.0,0.0,0.0,1.3,2.16
27,470320,BNK 24-11 회사채(AA-이상)액티브,5,120,14,24,64,1.0,10.0,0.0,0.0,5.25,0.29
27,466400,1Q 25-08 회사채(A+이상)액티브,5,120,14,24,64,1.0,10.0,0.0,0.0,6.78,0.86
27,472920,HK 종합채권(AA-이상)액티브,5,120,14,24,64,1.0,10.0,0.0,0.0,8.83,3.31
27,458210,히어로즈 CD금리액티브(합성),5,120,14,24,64,1.0,10.0,0.0,0.0,3.67,0.26
27,475260,ACE 2월만기자동연장회사채AA-이상액티브,5,120,14,24,64,1.0,10.0,0.0,0.0,4.6,0.5
27,385550,KBSTAR 단기종합채권(AA-이상)액티브,5,120,14,24,64,1.0,10.0,0.0,0.0,2.84,0.35
27,484890,SOL 머니마켓액티브,5,120,14,24,64,1.0,10.0,0.0,0.0,4.14,0.12
27,473440,ACE 11월만기자동연장회사채AA-이상액티브,5,120,14,24,64,1.0,10.0,0.0,0.0,4.59,1.79
27,480260,TIGER 27-04회사채(A+이상)액티브,5,120,14,24,64,1.0,10.0,0.0,0.0,9.38,1.19
27,462540,SOL 25-09 회사채(AA-이상)액티브,5,120,14,24,64,1.0,10.0,0.0,0.0,5.7,1.01
27,278620,ARIRANG 단기채권액티브,5,120,14,24,64,1.0,10.0,0.0,0.0,1.94,0.42
27,464230,히어로즈 24-09 회사채(AA-이상)액티브,5,120,14,24,64,1.0,10.0,0.0,0.0,4.18,0.38
27,454780,히어로즈 종합채권(AA-이상)액티브,5,120,14,24,64,1.0,10.0,0.0,0.0,4.98,4.32
27,190620,ACE 단기통안채,5,120,14,24,64,1.0,10.0,0.0,0.0,1.77,0.13
27,461270,ACE 26-06 회사채(AA-이상)액티브,5,120,14,24,64,1.0,10.0,0.0,0.0,6.29,1.4
27,469820,SOL 24-12 회사채(AA-이상)액티브,5,120,14,24,64,1.0,10.0,0.0,0.0,5.13,0.34
27,438330,TIGER 투자등급회사채액티브,5,120,14,24,64,1.0,10.0,0.0,0.0,6.21,2.23
27,463290,1Q 단기금융채액티브,5,120,14,24,64,1.0,10.0,0.0,0.0,4.58,0.26
27,272560,KBSTAR 단기국공채액티브,5,120,14,24,64,1.0,10.0,0.0,0.0,2.0,0.36
27,464540,KBSTAR 25-03 회사채(AA-이상)액티브,5,120,14,24,64,1.0,10.0,0.0,0.0,4.95,0.55
27,473290,KODEX 26-12 회사채(AA-이상)액티브,5,120,14,24,64,1.0,10.0,0.0,0.0,6.18,1.28
27,448880,ACE 24-12 회사채(AA-이상)액티브,5,120,14,24,64,1.0,10.0,0.0,0.0,6.77,0.92
27,439860,KODEX ESG종합채권(A-이상)액티브,5,120,14,24,64,1.0,10.0,0.0,0.0,5.42,2.08
27,273140,KODEX 단기변동금리부채권액티브,5,120,14,24,64,1.0,10.0,0.0,0.0,1.87,0.25
27,479080,1Q 머니마켓액티브,5,120,14,24,64,1.0,10.0,0.0,0.0,4.64,0.18
27,476450,히어로즈 머니마켓액티브,5,120,14,24,64,1.0,10.0,0.0,0.0,4.26,0.32
27,451000,ARIRANG 종합채권(AA-이상)액티브,5,120,14,24,64,1.0,10.0,0.0,0.0,5.79,4.81
27,468820,WOORI 25-09 회사채(AA-이상)액티브,5,120,14,24,64,1.0,10.0,0.0,0.0,8.41,0.74
27,130730,KOSEF 단기자금,5,120,14,24,64,1.0,10.0,0.0,0.0,2.2,0.45
27,484890,SOL 머니마켓액티브,5,120,14,24,59,1.0,10.0,0.0,0.0,4.14,0.12
27,461260,ACE 25-06 회사채(AA-이상)액티브,5,120,14,24,64,1.0,10.0,0.0,0.0,5.26,0.97
27,292770,KODEX 국채선물3년인버스,5,120,14,24,64,1.0,10.0,0.0,0.0,1.42,2.17
27,432600,KBSTAR 국채선물3년,5,120,14,24,64,1.0,10.0,0.0,0.0,3.76,3.69
27,430500,KOSEF 물가채KIS,5,120,14,24,64,1.0,10.0,0.0,0.0,6.8,4.65
27,471290,HANARO CD금리액티브(합성),5,120,14,24,64,1.0,10.0,0.0,0.0,3.65,0.18
27,453060,HANARO KOFR금리액티브(합성),5,120,14,24,64,1.0,10.0,0.0,0.0,3.72,0.17
27,114470,KOSEF 국고채3년,5,120,14,24,64,1.0,10.0,0.0,0.0,2.86,1.75
27,272570,KBSTAR 중장기국공채액티브,5,120,14,24,64,1.0,10.0,0.0,0.0,1.75,2.88
27,239660,ARIRANG 우량회사채50 1년,5,120,14,24,64,1.0,10.0,0.0,0.0,1.89,0.52
27,438560,SOL 국고채3년,5,120,14,24,64,1.0,10.0,0.0,0.0,4.29,2.83
27,475280,ACE 8월만기자동연장회사채AA-이상액티브,5,120,14,24,64,1.0,10.0,0.0,0.0,4.02,0.51
27,363510,SOL KIS단기통안채,5,120,14,24,64,1.0,10.0,0.0,0.0,1.95,0.29
27,114100,KBSTAR 국고채3년,5,120,14,24,64,1.0,10.0,0.0,0.0,2.88,1.8
27,336160,KBSTAR 금융채액티브,5,120,14,24,64,1.0,10.0,0.0,0.0,1.94,2.03
27,272910,ACE 중장기국공채액티브,5,120,14,24,64,1.0,10.0,0.0,0.0,1.75,2.49
27,458030,WOORI 단기국공채액티브,5,120,14,24,64,1.0,10.0,0.0,0.0,3.98,0.24
27,122260,KOSEF 통안채1년,5,120,14,24,64,1.0,10.0,0.0,0.0,2.39,1.33
27,479520,KBSTAR KOFR금리액티브(합성),5,120,14,24,64,1.0,10.0,0.0,0.0,3.69,0.15
27,397410,KBSTAR 국채선물5년추종인버스,5,120,14,24,64,1.0,10.0,0.0,0.0,4.11,4.48
27,440640,ACE 단기채권알파액티브,5,120,14,24,64,1.0,10.0,0.0,0.0,3.81,0.34
27,136340,KBSTAR 중기우량회사채,5,120,14,24,64,1.0,10.0,0.0,0.0,2.91,1.36
27,464240,히어로즈 26-09 회사채(AA-이상)액티브,5,120,14,24,64,1.0,10.0,0.0,0.0,6.91,1.53
27,475270,ACE 5월만기자동연장회사채AA-이상액티브,5,120,14,24,64,1.0,10.0,0.0,0.0,4.37,0.5
27,465780,마이티 26-09 특수채(AAA)액티브,5,120,14,24,64,1.0,10.0,0.0,0.0,7.41,1.64
27,483230,KBSTAR 25-06 은행채(AA+이상)액티브,5,120,14,24,64,1.0,10.0,0.0,0.0,5.93,0.36
27,448600,KBSTAR 25-11 회사채(AA-이상)액티브,5,120,14,24,64,1.0,10.0,0.0,0.0,7.4,1.89
27,419890,히어로즈 단기채권ESG액티브,5,120,14,24,64,1.0,10.0,0.0,0.0,3.59,0.58
27,453010,ARIRANG KOFR금리,5,120,14,24,64,1.0,10.0,0.0,0.0,3.57,0.15
27,467940,KODEX 25-11 회사채(A+이상)액티브,5,120,14,24,64,1.0,10.0,0.0,0.0,6.88,1.08
27,477050,ARIRANG 머니마켓액티브,5,120,14,24,64,1.0,10.0,0.0,0.0,4.1,0.22
27,469830,SOL 초단기채권액티브,5,120,14,24,64,1.0,10.0,0.0,0.0,4.6,0.21
27,477080,KBSTAR CD금리액티브(합성),5,120,14,24,64,1.0,10.0,0.0,0.0,3.84,0.14
27,363510,SOL KIS단기통안채,5,120,14,24,59,1.0,10.0,0.0,0.0,1.95,0.29
27,114100,KBSTAR 국고채3년,5,120,14,24,59,1.0,10.0,0.0,0.0,2.88,1.8
27,336160,KBSTAR 금융채액티브,5,120,14,24,59,1.0,10.0,0.0,0.0,1.94,2.03
27,272910,ACE 중장기국공채액티브,5,120,14,24,59,1.0,10.0,0.0,0.0,1.75,2.49
27,458030,WOORI 단기국공채액티브,5,120,14,24,59,1.0,10.0,0.0,0.0,3.98,0.24
27,122260,KOSEF 통안채1년,5,120,14,24,59,1.0,10.0,0.0,0.0,2.39,1.33
27,479520,KBSTAR KOFR금리액티브(합성),5,120,14,24,59,1.0,10.0,0.0,0.0,3.69,0.15
27,397410,KBSTAR 국채선물5년추종인버스,5,120,14,24,59,1.0,10.0,0.0,0.0,4.11,4.48
27,440640,ACE 단기채권알파액티브,5,120,14,24,59,1.0,10.0,0.0,0.0,3.81,0.34
27,136340,KBSTAR 중기우량회사채,5,120,14,24,59,1.0,10.0,0.0,0.0,2.91,1.36
27,464240,히어로즈 26-09 회사채(AA-이상)액티브,5,120,14,24,59,1.0,10.0,0.0,0.0,6.91,1.53
27,475270,ACE 5월만기자동연장회사채AA-이상액티브,5,120,14,24,59,1.0,10.0,0.0,0.0,4.37,0.5
27,465780,마이티 26-09 특수채(AAA)액티브,5,120,14,24,59,1.0,10.0,0.0,0.0,7.41,1.64
27,483230,KBSTAR 25-06 은행채(AA+이상)액티브,5,120,14,24,59,1.0,10.0,0.0,0.0,5.93,0.36
27,448600,KBSTAR 25-11 회사채(AA-이상)액티브,5,120,14,24,59,1.0,10.0,0.0,0.0,7.4,1.89
27,419890,히어로즈 단기채권ESG액티브,5,120,14,24,59,1.0,10.0,0.0,0.0,3.59,0.58
27,453010,ARIRANG KOFR금리,5,120,14,24,59,1.0,10.0,0.0,0.0,3.57,0.15
27,461260,ACE 25-06 회사채(AA-이상)액티브,5,120,14,24,59,1.0,10.0,0.0,0.0,5.26,0.97
27,130730,KOSEF 단기자금,5,120,14,24,59,1.0,10.0,0.0,0.0,2.2,0.45
27,282000,KBSTAR 국고채3년선물인버스,5,120,14,24,59,1.0,10.0,0.0,0.0,1.3,2.16
27,468820,WOORI 25-09 회사채(AA-이상)액티브,5,120,14,24,59,1.0,10.0,0.0,0.0,8.41,0.74
27,470320,BNK 24-11 회사채(AA-이상)액티브,5,120,14,24,59,1.0,10.0,0.0,0.0,5.25,0.29
27,466400,1Q 25-08 회사채(A+이상)액티브,5,120,14,24,59,1.0,10.0,0.0,0.0,6.78,0.86
27,472920,HK 종합채권(AA-이상)액티브,5,120,14,24,59,1.0,10.0,0.0,0.0,8.83,3.31
27,458210,히어로즈 CD금리액티브(합성),5,120,14,24,59,1.0,10.0,0.0,0.0,3.67,0.26
27,475260,ACE 2월만기자동연장회사채AA-이상액티브,5,120,14,24,59,1.0,10.0,0.0,0.0,4.6,0.5
27,385550,KBSTAR 단기종합채권(AA-이상)액티브,5,120,14,24,59,1.0,10.0,0.0,0.0,2.84,0.35
27,475280,ACE 8월만기자동연장회사채AA-이상액티브,5,120,14,24,59,1.0,10.0,0.0,0.0,4.02,0.51
27,438560,SOL 국고채3년,5,120,14,24,59,1.0,10.0,0.0,0.0,4.29,2.83
27,239660,ARIRANG 우량회사채50 1년,5,120,14,24,59,1.0,10.0,0.0,0.0,1.89,0.52
27,465680,KODEX 24-12 은행채(AA+이상)액티브,5,120,14,24,64,1.0,10.0,0.0,0.0,4.34,0.59
27,196230,KBSTAR 단기통안채,5,120,14,24,64,1.0,10.0,0.0,0.0,1.78,0.21
27,451540,TIGER 종합채권(AA-이상)액티브,5,120,14,24,64,1.0,10.0,0.0,0.0,5.14,4.07
27,272580,TIGER 단기채권액티브,5,120,14,24,64,1.0,10.0,0.0,0.0,1.91,0.22
27,153130,KODEX 단기채권,5,120,14,24,64,1.0,10.0,0.0,0.0,1.93,0.34
27,447820,TIGER 24-10 회사채(A+이상)액티브,5,120,14,24,64,1.0,10.0,0.0,0.0,6.36,1.2
27,476810,KODEX 25-11 은행채(AA-이상)PLUS액티브,5,120,14,24,64,1.0,10.0,0.0,0.0,5.99,0.85
27,453540,TIGER 25-10 회사채(A+이상)액티브,5,120,14,24,64,1.0,10.0,0.0,0.0,4.65,1.46
27,481050,KODEX 1년은행양도성예금증서+액티브(합성),5,120,14,24,64,1.0,10.0,0.0,0.0,3.95,0.15
27,475630,TIGER CD1년금리액티브(합성),5,120,14,24,64,1.0,10.0,0.0,0.0,3.84,0.14
27,214980,KODEX 단기채권PLUS,5,120,14,24,64,1.0,10.0,0.0,0.0,1.81,0.18
27,455890,KBSTAR 머니마켓액티브,5,120,14,24,64,1.0,10.0,0.0,0.0,4.41,0.24
27,470260,TIGER 24-12 금융채(AA-이상),5,120,14,24,64,1.0,10.0,0.0,0.0,4.94,0.35
27,273130,KODEX 종합채권(AA-이상)액티브,5,120,14,24,64,1.0,10.0,0.0,0.0,1.74,3.05
27,272570,KBSTAR 중장기국공채액티브,5,120,14,24,59,1.0,10.0,0.0,0.0,1.75,2.88
27,449170,TIGER KOFR금리액티브(합성),5,120,14,24,64,1.0,10.0,0.0,0.0,3.65,0.15
27,423160,KODEX KOFR금리액티브(합성),5,120,14,24,64,1.0,10.0,0.0,0.0,3.32,0.13
27,357870,TIGER CD금리투자KIS(합성),5,120,14,24,64,1.0,10.0,0.0,0.0,2.24,0.23
27,459580,KODEX CD금리액티브(합성),5,120,14,24,64,1.0,10.0,0.0,0.0,3.81,0.15
27,390950,HANARO 단기채권액티브,5,120,14,24,59,1.0,10.0,0.0,0.0,2.34,0.27
27,298340,ARIRANG 국채선물3년,5,120,14,24,59,1.0,10.0,0.0,0.0,1.64,2.08
27,292770,KODEX 국채선물3년인버스,5,120,14,24,59,1.0,10.0,0.0,0.0,1.42,2.17
27,432600,KBSTAR 국채선물3년,5,120,14,24,59,1.0,10.0,0.0,0.0,3.76,3.69
27,430500,KOSEF 물가채KIS,5,120,14,24,59,1.0,10.0,0.0,0.0,6.8,4.65
27,471290,HANARO CD금리액티브(합성),5,120,14,24,59,1.0,10.0,0.0,0.0,3.65,0.18
27,453060,HANARO KOFR금리액티브(합성),5,120,14,24,59,1.0,10.0,0.0,0.0,3.72,0.17
27,114470,KOSEF 국고채3년,5,120,14,24,59,1.0,10.0,0.0,0.0,2.86,1.75
27,459580,KODEX CD금리액티브(합성),5,120,14,24,54,1.0,10.0,0.0,0.0,3.81,0.15
